0.000000  0.000000  0.000000  0.000000  0.000000  0.000000  0.000000  0.000000  0.000000  0.000000  0.000000  0.000000  0.000000  0.000000  0.000000  0.000000  0.000000  0.000000  0.000000  0.000000  0.000000  0.000000  0.000000  0.000000  0.000000  0.000000  0.000000  0.000000  0.000000  0.000000  0.000000  0.000000  -0.004425  
 -0.933594  
 0.006195  
 0.906250  
 -0.960938  
 0.130859  
 -0.589844  
 -0.726562  
 -0.781250  
 0.128906  
 0.241211  
 0.730469  
 -0.625000  
 0.992188  
 -0.707031  
 0.008362  
 0.000000  
 0.000000  
 0.000000  
 0.000000  
 0.000000  
 0.000000  
 0.000000  
 0.000000  
 0.000000  
 0.000000  
 0.000000  
 0.000000  
 0.000000  
 0.000000  
 0.000000  
 0.000000  
 -0.004425  -0.933594  0.006195  0.906250  -0.960938  0.130859  -0.589844  -0.726562  -0.781250  0.128906  0.241211  0.730469  -0.625000  0.992188  -0.707031  0.008362  0.000000  0.000000  0.000000  0.000000  0.000000  0.000000  0.000000  0.000000  0.000000  0.000000  0.000000  0.000000  0.000000  0.000000  0.000000  0.000000  -0.004425  
 -0.933594  
 0.006195  
 0.906250  
 -0.960938  
 0.130859  
 -0.589844  
 -0.726562  
 -0.781250  
 0.128906  
 0.241211  
 0.730469  
 -0.625000  
 0.992188  
 -0.707031  
 0.008362  
 -0.026245  
 0.792969  
 0.554688  
 0.625000  
 0.835938  
 0.718750  
 -0.341797  
 0.929688  
 0.558594  
 0.088379  
 0.664062  
 0.273438  
 0.753906  
 0.980469  
 0.408203  
 0.494141  
 -0.004425  -0.933594  0.006195  0.906250  -0.960938  0.130859  -0.589844  -0.726562  -0.781250  0.128906  0.241211  0.730469  -0.625000  0.992188  -0.707031  0.008362  -0.026245  0.792969  0.554688  0.625000  0.835938  0.718750  -0.341797  0.929688  0.558594  0.088379  0.664062  0.273438  0.753906  0.980469  0.408203  0.494141  -0.004425  
 -0.933594  
 0.006195  
 0.906250  
 -0.960938  
 0.130859  
 -0.589844  
 -0.726562  
 -0.781250  
 0.128906  
 0.241211  
 0.730469  
 -0.625000  
 0.992188  
 -0.707031  
 0.008362  
 -0.026245  
 0.792969  
 0.554688  
 0.625000  
 0.835938  
 0.718750  
 -0.341797  
 0.929688  
 0.558594  
 0.088379  
 0.664062  
 0.273438  
 0.753906  
 0.980469  
 0.408203  
 0.494141  
 -0.004425  -0.933594  0.006195  0.906250  -0.960938  0.130859  -0.589844  -0.726562  -0.781250  0.128906  0.241211  0.730469  -0.625000  0.992188  -0.707031  0.008362  -0.026245  0.792969  0.554688  0.625000  0.835938  0.718750  -0.341797  0.929688  0.558594  0.088379  0.664062  0.273438  0.753906  0.980469  0.408203  0.494141  -0.004425  
 -0.933594  
 0.006195  
 0.906250  
 -0.960938  
 0.130859  
 -0.589844  
 -0.726562  
 -0.781250  
 0.128906  
 0.241211  
 0.730469  
 -0.625000  
 0.992188  
 -0.707031  
 0.008362  
 -0.026245  
 0.792969  
 0.554688  
 0.625000  
 0.835938  
 0.718750  
 -0.341797  
 0.929688  
 0.558594  
 0.088379  
 0.664062  
 0.273438  
 0.753906  
 0.980469  
 0.408203  
 0.494141  
 -0.004425  -0.933594  0.006195  0.906250  -0.960938  0.130859  -0.589844  -0.726562  -0.781250  0.128906  0.241211  0.730469  -0.625000  0.992188  -0.707031  0.008362  -0.026245  0.792969  0.554688  0.625000  0.835938  0.718750  -0.341797  0.929688  0.558594  0.088379  0.664062  0.273438  0.753906  0.980469  0.408203  0.494141  -0.004425  
 -0.933594  
 0.006195  
 0.906250  
 -0.960938  
 0.130859  
 -0.589844  
 -0.726562  
 -0.781250  
 0.128906  
 0.241211  
 0.730469  
 -0.625000  
 0.992188  
 -0.707031  
 0.008362  
 -0.026245  
 0.792969  
 0.554688  
 0.625000  
 0.835938  
 0.718750  
 -0.341797  
 0.929688  
 0.558594  
 0.088379  
 0.664062  
 0.273438  
 0.753906  
 0.980469  
 0.408203  
 0.494141  
 -0.004425  -0.933594  0.006195  0.906250  -0.960938  0.130859  -0.589844  -0.726562  -0.781250  0.128906  0.241211  0.730469  -0.625000  0.992188  -0.707031  0.008362  -0.026245  0.792969  0.554688  0.625000  0.835938  0.718750  -0.341797  0.929688  0.558594  0.088379  0.664062  0.273438  0.753906  0.980469  0.408203  0.494141  -0.004425  
 -0.933594  
 0.006195  
 0.906250  
 -0.960938  
 0.130859  
 -0.589844  
 -0.726562  
 -0.781250  
 0.128906  
 0.241211  
 0.730469  
 -0.625000  
 0.992188  
 -0.707031  
 0.008362  
 -0.026245  
 0.792969  
 0.554688  
 0.625000  
 0.835938  
 0.718750  
 -0.341797  
 0.929688  
 0.558594  
 0.088379  
 0.664062  
 0.273438  
 0.753906  
 0.980469  
 0.408203  
 0.494141  
 -0.004425  -0.933594  0.006195  0.906250  -0.960938  0.130859  -0.589844  -0.726562  -0.781250  0.128906  0.241211  0.730469  -0.625000  0.992188  -0.707031  0.008362  -0.026245  0.792969  0.554688  0.625000  0.835938  0.718750  -0.341797  0.929688  0.558594  0.088379  0.664062  0.273438  0.753906  0.980469  0.408203  0.494141  -0.004425  
 -0.933594  
 0.006195  
 0.906250  
 -0.960938  
 0.130859  
 -0.589844  
 -0.726562  
 -0.781250  
 0.128906  
 0.241211  
 0.730469  
 -0.625000  
 0.992188  
 -0.707031  
 0.008362  
 -0.026245  
 0.792969  
 0.554688  
 0.625000  
 0.835938  
 0.718750  
 -0.341797  
 0.929688  
 0.558594  
 0.088379  
 0.664062  
 0.273438  
 0.753906  
 0.980469  
 0.408203  
 0.494141  
 -0.004425  -0.933594  0.006195  0.906250  -0.960938  0.130859  -0.589844  -0.726562  -0.781250  0.128906  0.241211  0.730469  -0.625000  0.992188  -0.707031  0.008362  -0.026245  0.792969  0.554688  0.625000  0.835938  0.718750  -0.341797  0.929688  0.558594  0.088379  0.664062  0.273438  0.753906  0.980469  0.408203  0.494141  -0.004425  
 -0.933594  
 0.006195  
 0.906250  
 -0.960938  
 0.130859  
 -0.589844  
 -0.726562  
 -0.781250  
 0.128906  
 0.241211  
 0.730469  
 -0.625000  
 0.992188  
 -0.707031  
 0.008362  
 -0.026245  
 0.792969  
 0.554688  
 0.625000  
 0.835938  
 0.718750  
 -0.341797  
 0.929688  
 0.558594  
 0.088379  
 0.664062  
 0.273438  
 0.753906  
 0.980469  
 0.408203  
 0.494141  
 -0.004425  -0.933594  0.006195  0.906250  -0.960938  0.130859  -0.589844  -0.726562  -0.781250  0.128906  0.241211  0.730469  -0.625000  0.992188  -0.707031  0.008362  -0.026245  0.792969  0.554688  0.625000  0.835938  0.718750  -0.341797  0.929688  0.558594  0.088379  0.664062  0.273438  0.753906  0.980469  0.408203  0.494141  -0.004425  
 -0.933594  
 0.006195  
 0.906250  
 -0.960938  
 0.130859  
 -0.589844  
 -0.726562  
 -0.781250  
 0.128906  
 0.241211  
 0.730469  
 -0.625000  
 0.992188  
 -0.707031  
 0.008362  
 -0.026245  
 0.792969  
 0.554688  
 0.625000  
 0.835938  
 0.718750  
 -0.341797  
 0.929688  
 0.558594  
 0.088379  
 0.664062  
 0.273438  
 0.753906  
 0.980469  
 0.408203  
 0.494141  
 -0.004425  -0.933594  0.006195  0.906250  -0.960938  0.130859  -0.589844  -0.726562  -0.781250  0.128906  0.241211  0.730469  -0.625000  0.992188  -0.707031  0.008362  -0.026245  0.792969  0.554688  0.625000  0.835938  0.718750  -0.341797  0.929688  0.558594  0.088379  0.664062  0.273438  0.753906  0.980469  0.408203  0.494141  -0.004425  
 -0.933594  
 0.006195  
 0.906250  
 -0.960938  
 0.130859  
 -0.589844  
 -0.726562  
 -0.781250  
 0.128906  
 0.241211  
 0.730469  
 -0.625000  
 0.992188  
 -0.707031  
 0.008362  
 -0.026245  
 0.792969  
 0.554688  
 0.625000  
 0.835938  
 0.718750  
 -0.341797  
 0.929688  
 0.558594  
 0.088379  
 0.664062  
 0.273438  
 0.753906  
 0.980469  
 0.408203  
 0.494141  
 -0.004425  -0.933594  0.006195  0.906250  -0.960938  0.130859  -0.589844  -0.726562  -0.781250  0.128906  0.241211  0.730469  -0.625000  0.992188  -0.707031  0.008362  -0.026245  0.792969  0.554688  0.625000  0.835938  0.718750  -0.341797  0.929688  0.558594  0.088379  0.664062  0.273438  0.753906  0.980469  0.408203  0.494141  -0.004425  
 -0.933594  
 0.006195  
 0.906250  
 -0.960938  
 0.130859  
 -0.589844  
 -0.726562  
 -0.781250  
 0.128906  
 0.241211  
 0.730469  
 -0.625000  
 0.992188  
 -0.707031  
 0.008362  
 -0.026245  
 0.792969  
 0.554688  
 0.625000  
 0.835938  
 0.718750  
 -0.341797  
 0.929688  
 0.558594  
 0.088379  
 0.664062  
 0.273438  
 0.753906  
 0.980469  
 0.408203  
 0.494141  
 -0.004425  -0.933594  0.006195  0.906250  -0.960938  0.130859  -0.589844  -0.726562  -0.781250  0.128906  0.241211  0.730469  -0.625000  0.992188  -0.707031  0.008362  -0.026245  0.792969  0.554688  0.625000  0.835938  0.718750  -0.341797  0.929688  0.558594  0.088379  0.664062  0.273438  0.753906  0.980469  0.408203  0.494141  -0.004425  
 -0.933594  
 0.006195  
 0.906250  
 -0.960938  
 0.130859  
 -0.589844  
 -0.726562  
 -0.781250  
 0.128906  
 0.241211  
 0.730469  
 -0.625000  
 0.992188  
 -0.707031  
 0.008362  
 -0.026245  
 0.792969  
 0.554688  
 0.625000  
 0.835938  
 0.718750  
 -0.341797  
 0.929688  
 0.558594  
 0.088379  
 0.664062  
 0.273438  
 0.753906  
 0.980469  
 0.408203  
 0.494141  
 -0.004425  -0.933594  0.006195  0.906250  -0.960938  0.130859  -0.589844  -0.726562  -0.781250  0.128906  0.241211  0.730469  -0.625000  0.992188  -0.707031  0.008362  -0.026245  0.792969  0.554688  0.625000  0.835938  0.718750  -0.341797  0.929688  0.558594  0.088379  0.664062  0.273438  0.753906  0.980469  0.408203  0.494141  -0.004425  
 -0.933594  
 0.006195  
 0.906250  
 -0.960938  
 0.130859  
 -0.589844  
 -0.726562  
 -0.781250  
 0.128906  
 0.241211  
 0.730469  
 -0.625000  
 0.992188  
 -0.707031  
 0.008362  
 -0.026245  
 0.792969  
 0.554688  
 0.625000  
 0.835938  
 0.718750  
 -0.341797  
 0.929688  
 0.558594  
 0.088379  
 0.664062  
 0.273438  
 0.753906  
 0.980469  
 0.408203  
 0.494141  
 -0.004425  -0.933594  0.006195  0.906250  -0.960938  0.130859  -0.589844  -0.726562  -0.781250  0.128906  0.241211  0.730469  -0.625000  0.992188  -0.707031  0.008362  -0.026245  0.792969  0.554688  0.625000  0.835938  0.718750  -0.341797  0.929688  0.558594  0.088379  0.664062  0.273438  0.753906  0.980469  0.408203  0.494141  -0.004425  
 -0.933594  
 0.006195  
 0.906250  
 -0.960938  
 0.130859  
 -0.589844  
 -0.726562  
 -0.781250  
 0.128906  
 0.241211  
 0.730469  
 -0.625000  
 0.992188  
 -0.707031  
 0.008362  
 -0.026245  
 0.792969  
 0.554688  
 0.625000  
 0.835938  
 0.718750  
 -0.341797  
 0.929688  
 0.558594  
 0.088379  
 0.664062  
 0.273438  
 0.753906  
 0.980469  
 0.408203  
 0.494141  
 -0.004425  -0.933594  0.006195  0.906250  -0.960938  0.130859  -0.589844  -0.726562  -0.781250  0.128906  0.241211  0.730469  -0.625000  0.992188  -0.707031  0.008362  -0.026245  0.792969  0.554688  0.625000  0.835938  0.718750  -0.341797  0.929688  0.558594  0.088379  0.664062  0.273438  0.753906  0.980469  0.408203  0.494141  -0.004425  
 -0.933594  
 0.006195  
 0.906250  
 -0.960938  
 0.130859  
 -0.589844  
 -0.726562  
 -0.781250  
 0.128906  
 0.241211  
 0.730469  
 -0.625000  
 0.992188  
 -0.707031  
 0.008362  
 -0.026245  
 0.792969  
 0.554688  
 0.625000  
 0.835938  
 0.718750  
 -0.341797  
 0.929688  
 0.558594  
 0.088379  
 0.664062  
 0.273438  
 0.753906  
 0.980469  
 0.408203  
 0.494141  
 -0.004425  -0.933594  0.006195  0.906250  -0.960938  0.130859  -0.589844  -0.726562  -0.781250  0.128906  0.241211  0.730469  -0.625000  0.992188  -0.707031  0.008362  -0.026245  0.792969  0.554688  0.625000  0.835938  0.718750  -0.341797  0.929688  0.558594  0.088379  0.664062  0.273438  0.753906  0.980469  0.408203  0.494141  -0.004425  
 -0.933594  
 0.006195  
 0.906250  
 -0.960938  
 0.130859  
 -0.589844  
 -0.726562  
 -0.781250  
 0.128906  
 0.241211  
 0.730469  
 -0.625000  
 0.992188  
 -0.707031  
 0.008362  
 -0.026245  
 0.792969  
 0.554688  
 0.625000  
 0.835938  
 0.718750  
 -0.341797  
 0.929688  
 0.558594  
 0.088379  
 0.664062  
 0.273438  
 0.753906  
 0.980469  
 0.408203  
 0.494141  
 -0.004425  -0.933594  0.006195  0.906250  -0.960938  0.130859  -0.589844  -0.726562  -0.781250  0.128906  0.241211  0.730469  -0.625000  0.992188  -0.707031  0.008362  -0.026245  0.792969  0.554688  0.625000  0.835938  0.718750  -0.341797  0.929688  0.558594  0.088379  0.664062  0.273438  0.753906  0.980469  0.408203  0.494141  -0.004425  
 -0.933594  
 0.006195  
 0.906250  
 -0.960938  
 0.130859  
 -0.589844  
 -0.726562  
 -0.781250  
 0.128906  
 0.241211  
 0.730469  
 -0.625000  
 0.992188  
 -0.707031  
 0.008362  
 -0.026245  
 0.792969  
 0.554688  
 0.625000  
 0.835938  
 0.718750  
 -0.341797  
 0.929688  
 0.558594  
 0.088379  
 0.664062  
 0.273438  
 0.753906  
 0.980469  
 0.408203  
 0.494141  
 -0.004425  -0.933594  0.006195  0.906250  -0.960938  0.130859  -0.589844  -0.726562  -0.781250  0.128906  0.241211  0.730469  -0.625000  0.992188  -0.707031  0.008362  -0.026245  0.792969  0.554688  0.625000  0.835938  0.718750  -0.341797  0.929688  0.558594  0.088379  0.664062  0.273438  0.753906  0.980469  0.408203  0.494141  -0.004425  
 -0.933594  
 0.006195  
 0.906250  
 -0.960938  
 0.130859  
 -0.589844  
 -0.726562  
 -0.781250  
 0.128906  
 0.241211  
 0.730469  
 -0.625000  
 0.992188  
 -0.707031  
 0.008362  
 -0.026245  
 0.792969  
 0.554688  
 0.625000  
 0.835938  
 0.718750  
 -0.341797  
 0.929688  
 0.558594  
 0.088379  
 0.664062  
 0.273438  
 0.753906  
 0.980469  
 0.408203  
 0.494141  
 -0.004425  -0.933594  0.006195  0.906250  -0.960938  0.130859  -0.589844  -0.726562  -0.781250  0.128906  0.241211  0.730469  -0.625000  0.992188  -0.707031  0.008362  -0.026245  0.792969  0.554688  0.625000  0.835938  0.718750  -0.341797  0.929688  0.558594  0.088379  0.664062  0.273438  0.753906  0.980469  0.408203  0.494141  -0.004425  
 -0.933594  
 0.006195  
 0.906250  
 -0.960938  
 0.130859  
 -0.589844  
 -0.726562  
 -0.781250  
 0.128906  
 0.241211  
 0.730469  
 -0.625000  
 0.992188  
 -0.707031  
 0.008362  
 -0.026245  
 0.792969  
 0.554688  
 0.625000  
 0.835938  
 0.718750  
 -0.341797  
 0.929688  
 0.558594  
 0.088379  
 0.664062  
 0.273438  
 0.753906  
 0.980469  
 0.408203  
 0.494141  
 -0.004425  -0.933594  0.006195  0.906250  -0.960938  0.130859  -0.589844  -0.726562  -0.781250  0.128906  0.241211  0.730469  -0.625000  0.992188  -0.707031  0.008362  -0.026245  0.792969  0.554688  0.625000  0.835938  0.718750  -0.341797  0.929688  0.558594  0.088379  0.664062  0.273438  0.753906  0.980469  0.408203  0.494141  -0.004425  
 -0.933594  
 0.006195  
 0.906250  
 -0.960938  
 0.130859  
 -0.589844  
 -0.726562  
 -0.781250  
 0.128906  
 0.241211  
 0.730469  
 -0.625000  
 0.992188  
 -0.707031  
 0.008362  
 -0.026245  
 0.792969  
 0.554688  
 0.625000  
 0.835938  
 0.718750  
 -0.341797  
 0.929688  
 0.558594  
 0.088379  
 0.664062  
 0.273438  
 0.753906  
 0.980469  
 0.408203  
 0.494141  
 -0.004425  -0.933594  0.006195  0.906250  -0.960938  0.130859  -0.589844  -0.726562  -0.781250  0.128906  0.241211  0.730469  -0.625000  0.992188  -0.707031  0.008362  -0.026245  0.792969  0.554688  0.625000  0.835938  0.718750  -0.341797  0.929688  0.558594  0.088379  0.664062  0.273438  0.753906  0.980469  0.408203  0.494141  -0.004425  
 -0.933594  
 0.006195  
 0.906250  
 -0.960938  
 0.130859  
 -0.589844  
 -0.726562  
 -0.781250  
 0.128906  
 0.241211  
 0.730469  
 -0.625000  
 0.992188  
 -0.707031  
 0.008362  
 -0.026245  
 0.792969  
 0.554688  
 0.625000  
 0.835938  
 0.718750  
 -0.341797  
 0.929688  
 0.558594  
 0.088379  
 0.664062  
 0.273438  
 0.753906  
 0.980469  
 0.408203  
 0.494141  
 -0.004425  -0.933594  0.006195  0.906250  -0.960938  0.130859  -0.589844  -0.726562  -0.781250  0.128906  0.241211  0.730469  -0.625000  0.992188  -0.707031  0.008362  -0.026245  0.792969  0.554688  0.625000  0.835938  0.718750  -0.341797  0.929688  0.558594  0.088379  0.664062  0.273438  0.753906  0.980469  0.408203  0.494141  -0.004425  
 -0.933594  
 0.006195  
 0.906250  
 -0.960938  
 0.130859  
 -0.589844  
 -0.726562  
 -0.781250  
 0.128906  
 0.241211  
 0.730469  
 -0.625000  
 0.992188  
 -0.707031  
 0.008362  
 -0.026245  
 0.792969  
 0.554688  
 0.625000  
 0.835938  
 0.718750  
 -0.341797  
 0.929688  
 0.558594  
 0.088379  
 0.664062  
 0.273438  
 0.753906  
 0.980469  
 0.408203  
 0.494141  
 -0.004425  -0.933594  0.006195  0.906250  -0.960938  0.130859  -0.589844  -0.726562  -0.781250  0.128906  0.241211  0.730469  -0.625000  0.992188  -0.707031  0.008362  -0.026245  0.792969  0.554688  0.625000  0.835938  0.718750  -0.341797  0.929688  0.558594  0.088379  0.664062  0.273438  0.753906  0.980469  0.408203  0.494141  -0.004425  
 -0.933594  
 0.006195  
 0.906250  
 -0.960938  
 0.130859  
 -0.589844  
 -0.726562  
 -0.781250  
 0.128906  
 0.241211  
 0.730469  
 -0.625000  
 0.992188  
 -0.707031  
 0.008362  
 -0.026245  
 0.792969  
 0.554688  
 0.625000  
 0.835938  
 0.718750  
 -0.341797  
 0.929688  
 0.558594  
 0.088379  
 0.664062  
 0.273438  
 0.753906  
 0.980469  
 0.408203  
 0.494141  
 -0.004425  -0.933594  0.006195  0.906250  -0.960938  0.130859  -0.589844  -0.726562  -0.781250  0.128906  0.241211  0.730469  -0.625000  0.992188  -0.707031  0.008362  -0.026245  0.792969  0.554688  0.625000  0.835938  0.718750  -0.341797  0.929688  0.558594  0.088379  0.664062  0.273438  0.753906  0.980469  0.408203  0.494141  -0.004425  
 -0.933594  
 0.006195  
 0.906250  
 -0.960938  
 0.130859  
 -0.589844  
 -0.726562  
 -0.781250  
 0.128906  
 0.241211  
 0.730469  
 -0.625000  
 0.992188  
 -0.707031  
 0.008362  
 -0.026245  
 0.792969  
 0.554688  
 0.625000  
 0.835938  
 0.718750  
 -0.341797  
 0.929688  
 0.558594  
 0.088379  
 0.664062  
 0.273438  
 0.753906  
 0.980469  
 0.408203  
 0.494141  
 -0.004425  -0.933594  0.006195  0.906250  -0.960938  0.130859  -0.589844  -0.726562  -0.781250  0.128906  0.241211  0.730469  -0.625000  0.992188  -0.707031  0.008362  -0.026245  0.792969  0.554688  0.625000  0.835938  0.718750  -0.341797  0.929688  0.558594  0.088379  0.664062  0.273438  0.753906  0.980469  0.408203  0.494141  -0.004425  
 -0.933594  
 0.006195  
 0.906250  
 -0.960938  
 0.130859  
 -0.589844  
 -0.726562  
 -0.781250  
 0.128906  
 0.241211  
 0.730469  
 -0.625000  
 0.992188  
 -0.707031  
 0.008362  
 -0.026245  
 0.792969  
 0.554688  
 0.625000  
 0.835938  
 0.718750  
 -0.341797  
 0.929688  
 0.558594  
 0.088379  
 0.664062  
 0.273438  
 0.753906  
 0.980469  
 0.408203  
 0.494141  
 -0.004425  -0.933594  0.006195  0.906250  -0.960938  0.130859  -0.589844  -0.726562  -0.781250  0.128906  0.241211  0.730469  -0.625000  0.992188  -0.707031  0.008362  -0.026245  0.792969  0.554688  0.625000  0.835938  0.718750  -0.341797  0.929688  0.558594  0.088379  0.664062  0.273438  0.753906  0.980469  0.408203  0.494141  -0.004425  
 -0.933594  
 0.006195  
 0.906250  
 -0.960938  
 0.130859  
 -0.589844  
 -0.726562  
 -0.781250  
 0.128906  
 0.241211  
 0.730469  
 -0.625000  
 0.992188  
 -0.707031  
 0.008362  
 -0.026245  
 0.792969  
 0.554688  
 0.625000  
 0.835938  
 0.718750  
 -0.341797  
 0.929688  
 0.558594  
 0.088379  
 0.664062  
 0.273438  
 0.753906  
 0.980469  
 0.408203  
 0.494141  
 -0.004425  -0.933594  0.006195  0.906250  -0.960938  0.130859  -0.589844  -0.726562  -0.781250  0.128906  0.241211  0.730469  -0.625000  0.992188  -0.707031  0.008362  -0.026245  0.792969  0.554688  0.625000  0.835938  0.718750  -0.341797  0.929688  0.558594  0.088379  0.664062  0.273438  0.753906  0.980469  0.408203  0.494141  -0.004425  
 -0.933594  
 0.006195  
 0.906250  
 -0.960938  
 0.130859  
 -0.589844  
 -0.726562  
 -0.781250  
 0.128906  
 0.241211  
 0.730469  
 -0.625000  
 0.992188  
 -0.707031  
 0.008362  
 -0.026245  
 0.792969  
 0.554688  
 0.625000  
 0.835938  
 0.718750  
 -0.341797  
 0.929688  
 0.558594  
 0.088379  
 0.664062  
 0.273438  
 0.753906  
 0.980469  
 0.408203  
 0.494141  
 -0.004425  -0.933594  0.006195  0.906250  -0.960938  0.130859  -0.589844  -0.726562  -0.781250  0.128906  0.241211  0.730469  -0.625000  0.992188  -0.707031  0.008362  -0.026245  0.792969  0.554688  0.625000  0.835938  0.718750  -0.341797  0.929688  0.558594  0.088379  0.664062  0.273438  0.753906  0.980469  0.408203  0.494141  -0.004425  
 -0.933594  
 0.006195  
 0.906250  
 -0.960938  
 0.130859  
 -0.589844  
 -0.726562  
 -0.781250  
 0.128906  
 0.241211  
 0.730469  
 -0.625000  
 0.992188  
 -0.707031  
 0.008362  
 -0.026245  
 0.792969  
 0.554688  
 0.625000  
 0.835938  
 0.718750  
 -0.341797  
 0.929688  
 0.558594  
 0.088379  
 0.664062  
 0.273438  
 0.753906  
 0.980469  
 0.408203  
 0.494141  
 -0.004425  -0.933594  0.006195  0.906250  -0.960938  0.130859  -0.589844  -0.726562  -0.781250  0.128906  0.241211  0.730469  -0.625000  0.992188  -0.707031  0.008362  -0.026245  0.792969  0.554688  0.625000  0.835938  0.718750  -0.341797  0.929688  0.558594  0.088379  0.664062  0.273438  0.753906  0.980469  0.408203  0.494141  -0.004425  
 -0.933594  
 0.006195  
 0.906250  
 -0.960938  
 0.130859  
 -0.589844  
 -0.726562  
 -0.781250  
 0.128906  
 0.241211  
 0.730469  
 -0.625000  
 0.992188  
 -0.707031  
 0.008362  
 -0.026245  
 0.792969  
 0.554688  
 0.625000  
 0.835938  
 0.718750  
 -0.341797  
 0.929688  
 0.558594  
 0.088379  
 0.664062  
 0.273438  
 0.753906  
 0.980469  
 0.408203  
 0.494141  
 -0.004425  -0.933594  0.006195  0.906250  -0.960938  0.130859  -0.589844  -0.726562  -0.781250  0.128906  0.241211  0.730469  -0.625000  0.992188  -0.707031  0.008362  -0.026245  0.792969  0.554688  0.625000  0.835938  0.718750  -0.341797  0.929688  0.558594  0.088379  0.664062  0.273438  0.753906  0.980469  0.408203  0.494141  -0.004425  
 -0.933594  
 0.006195  
 0.906250  
 -0.960938  
 0.130859  
 -0.589844  
 -0.726562  
 -0.781250  
 0.128906  
 0.241211  
 0.730469  
 -0.625000  
 0.992188  
 -0.707031  
 0.008362  
 -0.026245  
 0.792969  
 0.554688  
 0.625000  
 0.835938  
 0.718750  
 -0.341797  
 0.929688  
 0.558594  
 0.088379  
 0.664062  
 0.273438  
 0.753906  
 0.980469  
 0.408203  
 0.494141  
 -0.004425  -0.933594  0.006195  0.906250  -0.960938  0.130859  -0.589844  -0.726562  -0.781250  0.128906  0.241211  0.730469  -0.625000  0.992188  -0.707031  0.008362  -0.026245  0.792969  0.554688  0.625000  0.835938  0.718750  -0.341797  0.929688  0.558594  0.088379  0.664062  0.273438  0.753906  0.980469  0.408203  0.494141  -0.004425  
 -0.933594  
 0.006195  
 0.906250  
 -0.960938  
 0.130859  
 -0.589844  
 -0.726562  
 -0.781250  
 0.128906  
 0.241211  
 0.730469  
 -0.625000  
 0.992188  
 -0.707031  
 0.008362  
 -0.026245  
 0.792969  
 0.554688  
 0.625000  
 0.835938  
 0.718750  
 -0.341797  
 0.929688  
 0.558594  
 0.088379  
 0.664062  
 0.273438  
 0.753906  
 0.980469  
 0.408203  
 0.494141  
 -0.004425  -0.933594  0.006195  0.906250  -0.960938  0.130859  -0.589844  -0.726562  -0.781250  0.128906  0.241211  0.730469  -0.625000  0.992188  -0.707031  0.008362  -0.026245  0.792969  0.554688  0.625000  0.835938  0.718750  -0.341797  0.929688  0.558594  0.088379  0.664062  0.273438  0.753906  0.980469  0.408203  0.494141  -0.004425  
 -0.933594  
 0.006195  
 0.906250  
 -0.960938  
 0.130859  
 -0.589844  
 -0.726562  
 -0.781250  
 0.128906  
 0.241211  
 0.730469  
 -0.625000  
 0.992188  
 -0.707031  
 0.008362  
 -0.026245  
 0.792969  
 0.554688  
 0.625000  
 0.835938  
 0.718750  
 -0.341797  
 0.929688  
 0.558594  
 0.088379  
 0.664062  
 0.273438  
 0.753906  
 0.980469  
 0.408203  
 0.494141  
 
==== Swizzle Verification ====
Max abs error : 0.000000e+00
Bad elements  : 0 / 8192
✅ PASSED
