Max error: 0.000000
 
 ================= C_actual ============ 
[[ 4.1090,  3.1598,  4.3706,  3.4300,  3.3550,  4.2891,  3.7918,  3.2031],
 [ 3.1434,  2.5364,  3.9119,  3.5572,  2.7206,  3.5339,  4.0122,  3.1551],
 [ 4.2461,  3.7048,  4.5682,  3.7710,  3.5640,  3.8352,  4.1172,  3.5798],
 [ 4.5697,  3.5018,  4.8702,  3.6149,  3.9698,  3.0568,  4.5482,  3.5427],
 [ 4.2980,  3.3135,  4.8891,  3.4261,  3.3237,  3.3829,  3.9286,  3.0066],
 [ 4.0654,  3.4158,  4.7703,  3.9846,  3.3930,  3.1607,  4.1905,  3.5803],
 [ 3.2130,  3.0141,  4.2854,  2.6388,  3.5210,  2.3647,  3.3382,  2.5037],
 [ 4.4485,  2.8453,  3.8323,  3.3008,  3.3850,  3.4353,  3.8353,  2.5809],
 [ 3.5738,  2.2937,  3.7537,  2.7267,  3.0290,  2.3779,  2.7883,  1.8069],
 [ 3.6738,  3.6423,  5.1137,  4.4626,  3.8588,  3.1903,  4.2080,  3.4458],
 [ 4.0079,  3.1587,  3.7555,  3.6826,  2.8416,  3.0402,  4.2426,  3.0830],
 [ 4.0240,  3.3770,  4.3829,  3.6733,  3.5243,  3.3817,  4.5226,  3.6632],
 [ 3.0278,  2.4957,  3.7645,  3.6096,  2.5717,  2.6211,  3.6063,  3.0900],
 [ 4.4019,  3.2578,  4.1205,  3.2306,  3.5445,  3.0152,  3.9351,  2.2071],
 [ 4.6884,  3.4760,  4.3847,  4.3740,  3.7084,  3.5827,  4.9272,  3.6123],
 [ 3.9607,  2.9962,  4.4423,  3.9820,  3.7254,  2.5195,  4.4994,  2.9218]]

 ================ C_computed ============= 
[[ 4.1090,  3.1598,  4.3706,  3.4300,  3.3550,  4.2891,  3.7918,  3.2031],
 [ 3.1434,  2.5364,  3.9119,  3.5572,  2.7206,  3.5339,  4.0122,  3.1551],
 [ 4.2461,  3.7048,  4.5682,  3.7710,  3.5640,  3.8352,  4.1172,  3.5798],
 [ 4.5697,  3.5018,  4.8702,  3.6149,  3.9698,  3.0568,  4.5482,  3.5427],
 [ 4.2980,  3.3135,  4.8891,  3.4261,  3.3237,  3.3829,  3.9286,  3.0066],
 [ 4.0654,  3.4158,  4.7703,  3.9846,  3.3930,  3.1607,  4.1905,  3.5803],
 [ 3.2130,  3.0141,  4.2854,  2.6388,  3.5210,  2.3647,  3.3382,  2.5037],
 [ 4.4485,  2.8453,  3.8323,  3.3008,  3.3850,  3.4353,  3.8353,  2.5809],
 [ 3.5738,  2.2937,  3.7537,  2.7267,  3.0290,  2.3779,  2.7883,  1.8069],
 [ 3.6738,  3.6423,  5.1137,  4.4626,  3.8588,  3.1903,  4.2080,  3.4458],
 [ 4.0079,  3.1587,  3.7555,  3.6826,  2.8416,  3.0402,  4.2426,  3.0830],
 [ 4.0240,  3.3770,  4.3829,  3.6733,  3.5243,  3.3817,  4.5226,  3.6632],
 [ 3.0278,  2.4957,  3.7645,  3.6096,  2.5717,  2.6211,  3.6063,  3.0900],
 [ 4.4019,  3.2578,  4.1205,  3.2306,  3.5445,  3.0152,  3.9351,  2.2071],
 [ 4.6884,  3.4760,  4.3847,  4.3740,  3.7084,  3.5827,  4.9272,  3.6123],
 [ 3.9607,  2.9962,  4.4423,  3.9820,  3.7254,  2.5195,  4.4994,  2.9218]]
