Mismatch at (16,0): ref=65.678093 gpu=72.617783
Max error: 6.939690
 
 ================= C_actual ============ 
[[ 73.6629,  69.6593,  66.8996,  71.5654,  67.3888,  67.5926,  69.0578,  67.3573,  67.7517,  71.5268,  69.5419,  67.7571,  70.7296,  68.9617,  72.3160,  62.8548,  64.5529,  68.4503,  65.5314,  68.2906,  68.2298,  69.3202,  74.3377,  65.3407,  67.7536,  64.2980,  67.1005,  74.5344,  69.9297,  67.3568,  72.2655,  68.6077],
 [ 68.0063,  66.7188,  65.2537,  67.4121,  62.7125,  63.9376,  66.4068,  63.3535,  61.8579,  66.5170,  65.1463,  62.7676,  66.8967,  65.9444,  69.6443,  64.5926,  63.1235,  65.5157,  62.7324,  65.6204,  64.7804,  66.1493,  71.8723,  60.8202,  64.8145,  60.5672,  64.9929,  70.7183,  65.5292,  63.7571,  69.1170,  65.4214],
 [ 61.8258,  63.4277,  61.8274,  62.5490,  61.8784,  61.6610,  60.2492,  58.8535,  60.1820,  61.8052,  62.5303,  61.7922,  60.9172,  59.6991,  64.0199,  58.3074,  58.4906,  60.9944,  57.2883,  63.7990,  62.1318,  65.2047,  66.8951,  59.0897,  59.0367,  58.0097,  58.2210,  67.4418,  61.9872,  59.6118,  63.9237,  61.3618],
 [ 64.2315,  62.8407,  62.6270,  62.5061,  58.9611,  60.7706,  62.2354,  60.2281,  58.7238,  63.1484,  62.9985,  61.7884,  60.1660,  63.0398,  63.4419,  59.6381,  57.8290,  59.3750,  60.1716,  62.7849,  60.7360,  60.9854,  68.0144,  56.9943,  62.5189,  55.7241,  59.5810,  64.4987,  58.7009,  59.8734,  64.4255,  61.5129],
 [ 70.7568,  67.6004,  66.3934,  68.7269,  62.7461,  64.1640,  64.4292,  63.1385,  65.8395,  64.9318,  63.5128,  65.1357,  66.8568,  64.5102,  67.2228,  63.5616,  60.3343,  65.3163,  65.3848,  66.3202,  64.3561,  65.5937,  72.4823,  63.7926,  64.3541,  62.1022,  62.2550,  70.2023,  63.6507,  63.9241,  67.4104,  66.6374],
 [ 71.8132,  69.6891,  66.5235,  69.0739,  65.2864,  69.1871,  67.9365,  65.5092,  69.4940,  68.5102,  71.7066,  66.8619,  70.6970,  67.0236,  72.1928,  70.7433,  63.5404,  68.4179,  64.4011,  69.7370,  68.0633,  71.2640,  74.3190,  64.7842,  66.8789,  63.2751,  64.4831,  73.7195,  69.6855,  63.2543,  71.7730,  68.8822],
 [ 73.0689,  68.4312,  67.9914,  71.3324,  67.2997,  69.5927,  67.1399,  66.6891,  66.7777,  66.4144,  70.1050,  65.8421,  69.3992,  68.6093,  73.1548,  67.0318,  63.1309,  70.6873,  64.3552,  70.0104,  69.3794,  72.3661,  74.5842,  65.0170,  66.2972,  62.4927,  64.1972,  73.9481,  68.4316,  66.3658,  71.9618,  68.5417],
 [ 65.7000,  63.1966,  64.1139,  65.6536,  60.5969,  63.5533,  64.7932,  60.8840,  59.5562,  60.8106,  64.6985,  60.7554,  63.2683,  61.0805,  65.7532,  61.8971,  60.7981,  63.3177,  60.1863,  63.2433,  64.1951,  62.1059,  68.1240,  60.5860,  60.8695,  58.4595,  60.9734,  66.6364,  60.8889,  60.9223,  63.9694,  63.2346],
 [ 65.4109,  62.9696,  63.2215,  61.9238,  63.5652,  63.7411,  61.0335,  61.7922,  60.0035,  63.1954,  65.4571,  63.0346,  63.9338,  62.4779,  65.7895,  61.5375,  61.2031,  62.3797,  59.9349,  65.5825,  62.2114,  65.8901,  69.4291,  58.6635,  64.0822,  58.3156,  62.8966,  69.8442,  63.2934,  59.0470,  64.2215,  62.0395],
 [ 68.1257,  67.0979,  66.8257,  65.3798,  65.3879,  65.5649,  64.8646,  63.5913,  64.2700,  64.7019,  65.6987,  65.1394,  63.9086,  64.1966,  66.4580,  64.5177,  61.0088,  65.0768,  61.6175,  66.3898,  63.8391,  67.6248,  72.4755,  59.5690,  65.1797,  59.9932,  62.5575,  71.8634,  63.1189,  61.3576,  65.6008,  66.0964],
 [ 64.8196,  61.1890,  59.4488,  62.0555,  58.5342,  60.8509,  61.4080,  59.9450,  60.8172,  61.6918,  60.2236,  60.4729,  63.3148,  60.7791,  60.8268,  58.9186,  59.6689,  60.2209,  56.9345,  60.7108,  59.1048,  62.3859,  66.6244,  57.0351,  60.3520,  58.1769,  59.6516,  67.1612,  60.9410,  57.6113,  63.0180,  59.5549],
 [ 72.3866,  68.6088,  65.1209,  68.9816,  63.6078,  68.6272,  70.9636,  66.2735,  64.5153,  66.4742,  66.9480,  66.4301,  69.6528,  68.6340,  71.0259,  66.0462,  63.6157,  64.7714,  64.2315,  68.5972,  66.0148,  69.2113,  72.7917,  65.6368,  66.9386,  62.2984,  66.4873,  73.8002,  67.6756,  62.3775,  69.5733,  67.5749],
 [ 71.0398,  65.4454,  69.1485,  67.0565,  64.7582,  65.4329,  65.8421,  63.0591,  64.5198,  64.2139,  68.7172,  63.0752,  65.4031,  64.8097,  66.9248,  66.0829,  64.5079,  67.2899,  64.5356,  68.2629,  65.5752,  67.3239,  70.9707,  63.2911,  66.9868,  61.6217,  64.5823,  70.0871,  68.1694,  64.2366,  70.5372,  67.1582],
 [ 63.7291,  62.7799,  61.2049,  63.1731,  57.3903,  59.0493,  59.8951,  59.0165,  60.6118,  61.3955,  63.0961,  57.5415,  60.3786,  62.1933,  65.0915,  57.7093,  58.2803,  61.4997,  57.6612,  62.1831,  59.9074,  61.8293,  68.4446,  57.3084,  58.5205,  58.3298,  57.8827,  66.5778,  60.7956,  57.2596,  61.4920,  61.5573],
 [ 62.4872,  61.2463,  59.4998,  62.8493,  59.9123,  60.9017,  64.0603,  61.8473,  59.2873,  64.3484,  63.5273,  59.4428,  60.2307,  58.5152,  65.5009,  56.8457,  58.7995,  63.2016,  60.0498,  63.0478,  61.7732,  64.2443,  67.0467,  59.0511,  60.8999,  57.0595,  59.0973,  67.5769,  59.1198,  57.3648,  62.5489,  62.2018],
 [ 64.9909,  63.7796,  62.7283,  60.2684,  58.0847,  62.4866,  62.1120,  57.3110,  60.1553,  61.1825,  62.7943,  61.8196,  62.2125,  61.4297,  63.7276,  59.3907,  58.0913,  59.9679,  58.3423,  64.3434,  61.3278,  63.0293,  68.4650,  57.5574,  63.0477,  59.1625,  60.2921,  65.7648,  59.9397,  57.8228,  66.2804,  62.2201],
 [ 65.6781,  65.1410,  63.2852,  63.2266,  61.2254,  64.3351,  65.0145,  62.7801,  64.6574,  64.1549,  64.1365,  63.0355,  65.0217,  63.9249,  65.6169,  62.2417,  60.5146,  64.8619,  60.5105,  63.2721,  64.6006,  64.8517,  65.6712,  56.4443,  63.4694,  60.5230,  63.5722,  70.3155,  65.1603,  60.3454,  66.8093,  65.2766],
 [ 70.0410,  68.0070,  65.4219,  65.3977,  65.5777,  66.4543,  64.7242,  64.6187,  66.4167,  66.5751,  68.7673,  62.0423,  64.3691,  63.0779,  69.5692,  66.2318,  62.3439,  63.9209,  64.1505,  68.2869,  63.4836,  67.6534,  68.2825,  60.9347,  65.0090,  63.6157,  61.5550,  68.5525,  63.8108,  60.7101,  69.0824,  65.5226],
 [ 70.0080,  68.5629,  68.8724,  68.1696,  65.0798,  68.2591,  66.8063,  64.4420,  65.2312,  65.6227,  67.0849,  66.3456,  65.9874,  66.5372,  67.0900,  65.0585,  63.2091,  65.8443,  62.8237,  67.7451,  65.7097,  66.2651,  71.7532,  60.8753,  64.2755,  62.6947,  64.8826,  73.3283,  68.2159,  64.8338,  66.0817,  66.0743],
 [ 70.5649,  66.3658,  65.7324,  66.7294,  63.1917,  66.9370,  62.6118,  63.6127,  61.4848,  65.4008,  66.8237,  61.2824,  66.9087,  62.7028,  69.9070,  63.5078,  61.3194,  63.1723,  60.2920,  64.9563,  62.5420,  65.5131,  70.2644,  60.7579,  64.3760,  58.4282,  61.0853,  70.3931,  63.7243,  60.1392,  66.6119,  62.7254],
 [ 63.9162,  66.7575,  60.2959,  64.7314,  61.5242,  62.7495,  62.1347,  62.6039,  61.5075,  60.3522,  64.3547,  61.8358,  62.1422,  61.9527,  67.1533,  60.7212,  58.1807,  61.0082,  58.0030,  64.5734,  62.3413,  62.4885,  65.8623,  59.2282,  61.5982,  58.0916,  60.1006,  65.1199,  61.2914,  59.1289,  64.0611,  61.9698],
 [ 67.2342,  65.5392,  63.8677,  65.2673,  64.3409,  65.7698,  65.0633,  63.7057,  64.8061,  64.4048,  67.0261,  62.0169,  65.1360,  65.9040,  68.6292,  63.3289,  63.0292,  66.4610,  61.9411,  65.6494,  64.6117,  68.8958,  72.6534,  62.9883,  62.3251,  57.7135,  64.7484,  72.3023,  64.2164,  62.2871,  66.8962,  68.4833],
 [ 66.6024,  64.4951,  62.6195,  65.9755,  62.4867,  64.2028,  66.6963,  62.3560,  62.2268,  62.1056,  63.9402,  63.6069,  63.7765,  61.9725,  66.7908,  62.5956,  61.3870,  62.4737,  61.8604,  67.6781,  61.5866,  64.8394,  66.9078,  62.0111,  64.4363,  58.1970,  61.5277,  70.7476,  63.7345,  59.0330,  67.4623,  63.3365],
 [ 74.2581,  68.4424,  66.4843,  72.1639,  67.4371,  68.9655,  69.2033,  66.0668,  66.2606,  68.6008,  67.6947,  66.9879,  70.6761,  68.5953,  72.3740,  66.6522,  65.4881,  66.9855,  65.5260,  71.0582,  68.4948,  68.2006,  73.8427,  65.6845,  71.1252,  65.4002,  64.5377,  74.3175,  66.6766,  63.7209,  71.1702,  67.0298],
 [ 65.8639,  64.1299,  63.9743,  65.2847,  62.4582,  60.8372,  64.4434,  62.4933,  63.0058,  62.8063,  64.4168,  58.6930,  63.8343,  62.1229,  64.1507,  59.5551,  59.4294,  64.1143,  60.5254,  64.2001,  61.4622,  63.3251,  69.0958,  61.9525,  62.2476,  56.6274,  59.6051,  67.9410,  62.6370,  58.5202,  65.5903,  61.3076],
 [ 69.0986,  64.8648,  66.6177,  67.4519,  62.4843,  64.2971,  65.0407,  63.8961,  62.3648,  62.8358,  64.7501,  63.0228,  61.2784,  63.7012,  66.6936,  61.9616,  61.5264,  65.0295,  59.9365,  65.9703,  61.4825,  65.8528,  72.3756,  59.6695,  63.7939,  59.8391,  61.8740,  70.0600,  62.8790,  58.4915,  65.6733,  62.7359],
 [ 69.5629,  66.7955,  62.8391,  66.3715,  63.0333,  64.0221,  65.4754,  64.4019,  63.5725,  63.3263,  67.1119,  63.8518,  64.1310,  64.4558,  66.6347,  63.7565,  61.6333,  65.0556,  61.7102,  66.5873,  65.9294,  64.2449,  68.9747,  59.4333,  62.3321,  62.1575,  61.4311,  67.9863,  65.3620,  59.6009,  66.2632,  63.8781],
 [ 69.6027,  67.6172,  65.1433,  70.0537,  64.7087,  65.1997,  65.8270,  65.0463,  67.5078,  66.1565,  69.5665,  63.3409,  67.2621,  66.8329,  69.2896,  63.3693,  59.7632,  64.1308,  63.2802,  68.5229,  67.4035,  65.8648,  72.9797,  63.0615,  65.8602,  61.8484,  64.8148,  70.2631,  62.0786,  62.3225,  68.3451,  65.8174],
 [ 68.8655,  65.5016,  65.4757,  64.1688,  61.2943,  64.2301,  64.2276,  63.4946,  63.2586,  63.7117,  64.5899,  63.7753,  64.4205,  63.5383,  66.0815,  60.0297,  62.0056,  63.3037,  61.9110,  65.5126,  63.2131,  67.5737,  70.9458,  61.8460,  65.8335,  60.4962,  62.0153,  69.3807,  62.7367,  61.2273,  66.1497,  65.6070],
 [ 72.6880,  70.1895,  70.4532,  69.4826,  68.3460,  71.6161,  65.8203,  66.4077,  67.6104,  69.7060,  70.4996,  66.0710,  69.5161,  65.6920,  69.9142,  68.1157,  67.3916,  68.6013,  67.9733,  72.6517,  67.1137,  72.6025,  75.8250,  66.9377,  68.8159,  63.8531,  69.0889,  75.8088,  70.8254,  65.0939,  72.2123,  69.0626],
 [ 70.0826,  70.0093,  65.6034,  68.9631,  64.6609,  67.9149,  69.4694,  64.2289,  66.0670,  62.9566,  69.4022,  64.1327,  69.3098,  65.2602,  70.2793,  65.8767,  65.0465,  68.3407,  65.7235,  69.1563,  69.2320,  68.8944,  72.1439,  66.0592,  69.4913,  61.6484,  64.6355,  74.1301,  65.9326,  64.7818,  68.5982,  66.4898],
 [ 69.1973,  67.2152,  64.8462,  65.3389,  60.4449,  65.4495,  63.7856,  65.9990,  65.5498,  64.0750,  65.2978,  64.8728,  65.2472,  64.8239,  68.2877,  64.2739,  61.4374,  66.1256,  64.3608,  67.7165,  67.5264,  64.1738,  70.4222,  62.4225,  65.7529,  62.9861,  64.2044,  69.6215,  64.9920,  61.1768,  67.9782,  65.2262],
 [ 63.8881,  61.2073,  60.8880,  61.5311,  57.5798,  58.8234,  63.1894,  59.4356,  61.1444,  57.5733,  60.1241,  57.7391,  61.1427,  60.5619,  61.5486,  58.2920,  54.8004,  61.7603,  56.8784,  63.2654,  60.4894,  59.2215,  64.6378,  55.9236,  59.5552,  54.8098,  58.2226,  62.6156,  57.7190,  57.3222,  60.5080,  57.1431],
 [ 68.3292,  67.8072,  68.9079,  70.2152,  63.8930,  66.0685,  66.4285,  66.5475,  65.8589,  65.5873,  67.8943,  66.0232,  65.3290,  65.5437,  70.2345,  62.0614,  63.7425,  65.7557,  61.6015,  69.7745,  64.9241,  67.7416,  71.0504,  62.4599,  67.4569,  62.2900,  64.7522,  72.5711,  66.8918,  59.3144,  69.6008,  64.5962],
 [ 66.6021,  65.0544,  62.4230,  64.0387,  61.0366,  66.4772,  63.1808,  61.5785,  63.4035,  65.5843,  65.1976,  61.1085,  63.2723,  63.7754,  67.0552,  61.9989,  60.9768,  62.1267,  61.2466,  65.7666,  63.6299,  67.9006,  69.9217,  59.1276,  65.8807,  60.5072,  62.3172,  68.7198,  63.1757,  59.2011,  66.8680,  64.9881],
 [ 70.8470,  67.0711,  66.5565,  67.4208,  63.5341,  65.3119,  64.6799,  64.4872,  63.2714,  67.4375,  66.0932,  63.3689,  66.6228,  64.7922,  65.3079,  64.3426,  62.6017,  65.1589,  64.4947,  66.8866,  65.4617,  65.6347,  71.3278,  62.2817,  65.4347,  60.6439,  61.1967,  70.5064,  64.4859,  59.5320,  66.5584,  66.8103],
 [ 68.3089,  67.3958,  66.5803,  64.7499,  61.2887,  63.8178,  64.8081,  63.5359,  62.2999,  62.8795,  66.7972,  64.3454,  66.6212,  64.3336,  64.8201,  59.5094,  61.2006,  63.4595,  60.8572,  66.6441,  65.0855,  66.5083,  70.2562,  60.9475,  63.0108,  59.1082,  62.3060,  69.5282,  62.2366,  61.3979,  66.9116,  63.0804],
 [ 59.1280,  55.8017,  56.4903,  57.5013,  53.7149,  55.6210,  55.6102,  54.5733,  54.7015,  55.4444,  56.0245,  55.6041,  56.6119,  56.3847,  58.4707,  52.8622,  54.0722,  55.2574,  52.9072,  57.9132,  57.8672,  56.8804,  59.7760,  53.0854,  56.1831,  50.7048,  54.0840,  61.8649,  56.1704,  52.6760,  55.9500,  54.6613],
 [ 67.5629,  69.1870,  64.1366,  67.1243,  64.0539,  65.1740,  65.3090,  62.3918,  65.0547,  66.2282,  65.2288,  64.3957,  65.2414,  67.2909,  68.3621,  61.6533,  63.9913,  64.4186,  62.2668,  64.3389,  65.4912,  67.4217,  70.6826,  59.7685,  64.2928,  59.4285,  64.1016,  69.9112,  64.7992,  61.0777,  67.1196,  66.6494],
 [ 66.0615,  64.9562,  63.8229,  64.6911,  62.2394,  66.1260,  63.6406,  63.4001,  65.0270,  62.9086,  66.7461,  62.0461,  62.6049,  64.9708,  68.7591,  61.7823,  58.9732,  63.7278,  60.0749,  66.2901,  62.9198,  66.6886,  70.4186,  60.5102,  65.3534,  59.3908,  64.2536,  70.1371,  62.7188,  61.1998,  64.8071,  62.2251],
 [ 64.9694,  66.3587,  64.2518,  64.6142,  62.0382,  63.7516,  63.3208,  62.5936,  62.2053,  63.6536,  61.7438,  62.7800,  65.8744,  63.0227,  66.4388,  62.1660,  62.5297,  61.1466,  61.1909,  65.3236,  64.3117,  65.6406,  71.1872,  58.6396,  65.1008,  59.2028,  60.3887,  68.3816,  60.0454,  61.2962,  65.5661,  65.0411],
 [ 69.3909,  62.7397,  60.9365,  62.6994,  58.0694,  62.6204,  59.9143,  58.6467,  60.7589,  61.9993,  62.7345,  58.9412,  63.4775,  60.7513,  64.2939,  58.9053,  59.3149,  59.8743,  60.3385,  63.2625,  61.8228,  61.7400,  69.3794,  57.8687,  62.7301,  57.4315,  61.0327,  67.1909,  61.8380,  57.8197,  63.8449,  60.2132],
 [ 68.7854,  65.8335,  66.1174,  68.4185,  64.6409,  64.8229,  65.0364,  63.3411,  65.3200,  63.1791,  66.1717,  62.8039,  66.4951,  65.1783,  67.9666,  62.2848,  61.7148,  64.9421,  64.8298,  68.7743,  67.0293,  65.7869,  70.6446,  61.0955,  65.9318,  60.2218,  62.7407,  71.5883,  65.1831,  61.3163,  67.3391,  64.1377],
 [ 61.7768,  58.9922,  55.3832,  58.3463,  54.2993,  56.6519,  54.6103,  55.2742,  56.6953,  55.7972,  57.6089,  55.7562,  58.3015,  57.0478,  57.8238,  55.8387,  56.3675,  56.5016,  54.8962,  59.9584,  56.2240,  61.7284,  60.2975,  55.7748,  58.5349,  54.4946,  56.1257,  62.3741,  58.3271,  56.5475,  59.4721,  56.7786],
 [ 64.6563,  64.6282,  62.7800,  62.8829,  60.8683,  63.1478,  61.3438,  60.4329,  64.1375,  64.6774,  65.5791,  59.9099,  62.0126,  62.5645,  64.1759,  60.3413,  60.1605,  62.7721,  58.8911,  64.8197,  64.4760,  63.0621,  67.0985,  59.6773,  59.7559,  56.4287,  60.9944,  66.0747,  62.0038,  62.6243,  66.2443,  63.2120],
 [ 69.2805,  68.7702,  63.7782,  67.8886,  60.9151,  63.8798,  66.1844,  63.9521,  60.7020,  64.0100,  67.4310,  63.9476,  64.9451,  64.5550,  66.0800,  61.7968,  62.2453,  67.6092,  62.4617,  65.2332,  63.2778,  66.1134,  69.0346,  61.3797,  66.1836,  59.1661,  64.3897,  70.4695,  63.6620,  61.8722,  67.2434,  63.8602],
 [ 66.2132,  65.1998,  60.7892,  64.8965,  61.4529,  63.1462,  64.4282,  58.7875,  63.8946,  62.6858,  63.5893,  60.1808,  64.9212,  62.9223,  67.6792,  60.8098,  58.6241,  63.9844,  63.6662,  64.4669,  62.6356,  63.9661,  67.2339,  60.3193,  62.3366,  58.1171,  61.2204,  66.3937,  63.6577,  59.0980,  66.2297,  61.6777],
 [ 71.4817,  70.0179,  69.3290,  72.2869,  67.3978,  68.4918,  69.3269,  66.0888,  68.1876,  68.7750,  72.5185,  67.7784,  69.7439,  70.0173,  68.2292,  68.0964,  65.3367,  69.6268,  64.6273,  71.6506,  67.1060,  70.9705,  74.0465,  65.7707,  68.9667,  64.8592,  66.4025,  72.4996,  71.2030,  66.5465,  72.9045,  65.9914],
 [ 66.4265,  65.0235,  61.4179,  64.7595,  58.8058,  60.2854,  62.5897,  61.1940,  61.9933,  63.7559,  64.2902,  60.4944,  63.7729,  64.2823,  67.8072,  62.4574,  59.3625,  62.5341,  59.3146,  64.3073,  61.9530,  61.9822,  66.0640,  61.6970,  61.4753,  58.4762,  61.4304,  66.7553,  65.5110,  59.1862,  63.4318,  61.5636],
 [ 66.5544,  62.3273,  63.0822,  65.7812,  60.6092,  63.7519,  64.3827,  64.4520,  60.7076,  61.5905,  63.4117,  62.6975,  60.7459,  60.4333,  67.5214,  61.4440,  60.7789,  64.4816,  58.4846,  66.7199,  63.3038,  63.5900,  66.9625,  60.8437,  63.3608,  59.2720,  61.9327,  66.3586,  60.0263,  58.3546,  65.0285,  61.0167],
 [ 69.3042,  69.6533,  70.2278,  71.3712,  65.5470,  68.9901,  67.8065,  68.8564,  63.4874,  67.2594,  67.6616,  68.8853,  66.3155,  65.8181,  72.2759,  64.4110,  65.0918,  69.2997,  63.2490,  69.9397,  67.0651,  69.3013,  74.6536,  64.7238,  64.4913,  62.2480,  67.4463,  73.3691,  67.3405,  62.0166,  71.4539,  65.4846],
 [ 72.3211,  69.3709,  71.2379,  68.1735,  67.8538,  69.5796,  67.8823,  65.9822,  66.2762,  65.5582,  70.7834,  66.3850,  69.2367,  69.2652,  71.7465,  66.1926,  64.9904,  69.0483,  63.7270,  70.3585,  66.8258,  71.4011,  75.8195,  65.8635,  67.0550,  64.4654,  65.1504,  75.5769,  66.1753,  65.5831,  72.7319,  70.2758],
 [ 68.8966,  67.8773,  67.3233,  62.1952,  60.8559,  65.1611,  62.9987,  60.8506,  62.5480,  63.9457,  66.5126,  62.5560,  65.1481,  63.3629,  66.3497,  60.3546,  59.6905,  63.1642,  62.8133,  65.3323,  62.9991,  66.7482,  70.1122,  58.5449,  62.2933,  60.7251,  59.1869,  69.9867,  61.7580,  59.2662,  68.3479,  63.8036],
 [ 65.6618,  65.6217,  62.8853,  63.0431,  61.9609,  61.2358,  63.7948,  61.2045,  64.0379,  60.6600,  62.1666,  61.0218,  64.7337,  63.3471,  67.0337,  59.6665,  59.6190,  63.1261,  59.6653,  63.5561,  64.3519,  64.4581,  69.8588,  59.0444,  63.2779,  57.7377,  60.3563,  69.6420,  63.0652,  58.1626,  63.8331,  63.3143],
 [ 68.7243,  66.5542,  66.8693,  68.4262,  63.2226,  64.4520,  64.4970,  61.6808,  63.7099,  62.8987,  64.5000,  62.8962,  66.7078,  62.3186,  65.4996,  63.8715,  61.1876,  64.8124,  61.8363,  65.6517,  63.1917,  65.1354,  69.5600,  62.2430,  64.9673,  58.5319,  64.9961,  71.3807,  64.7062,  60.9649,  66.3073,  63.6484],
 [ 68.2156,  68.0154,  63.6882,  68.0428,  63.2216,  65.2484,  63.4888,  63.3685,  64.4167,  65.9960,  64.5686,  63.1242,  65.4707,  64.4272,  69.5639,  63.1064,  61.6086,  65.2009,  61.5751,  67.9567,  67.1052,  68.9866,  68.8731,  61.2496,  63.9310,  63.7311,  59.2888,  69.6327,  66.4065,  58.7414,  69.2685,  65.6373],
 [ 66.6105,  61.5108,  63.8116,  62.6603,  61.5613,  61.9831,  62.5405,  60.3072,  61.8463,  61.8297,  63.9771,  58.4630,  63.5204,  61.2345,  63.1815,  62.2123,  58.0198,  62.4703,  60.3902,  62.3443,  62.3918,  63.7628,  64.4721,  56.9985,  60.2140,  55.2496,  59.4756,  66.0600,  62.0347,  58.5310,  63.8540,  59.3328],
 [ 67.7195,  65.1455,  62.9495,  66.4245,  61.8589,  65.2953,  63.7459,  61.7630,  62.2714,  65.6171,  65.0060,  63.6120,  64.5681,  63.8391,  66.7019,  60.2123,  60.6070,  61.4251,  61.3713,  68.1601,  63.5183,  64.1467,  69.3058,  59.1734,  65.9935,  60.5663,  63.0515,  68.7024,  64.1843,  57.9377,  65.1094,  62.7256],
 [ 70.9712,  67.3595,  64.6003,  66.9926,  65.0493,  65.7601,  65.3874,  63.5828,  65.9917,  65.6028,  65.2654,  62.7415,  67.0631,  64.5852,  71.1644,  61.8446,  61.7662,  64.3950,  63.7522,  66.3812,  66.8722,  65.2689,  69.1492,  60.2215,  62.3937,  61.3261,  62.7027,  67.5349,  64.0087,  62.1338,  68.8336,  63.3479],
 [ 68.4959,  65.9225,  62.8178,  64.6772,  65.4214,  62.4382,  65.3553,  59.7498,  63.3854,  63.2223,  67.3773,  64.0111,  66.1806,  63.1791,  65.9801,  59.7466,  59.7146,  63.8777,  62.8746,  66.2193,  63.0174,  63.9343,  68.8568,  61.4908,  63.4624,  61.4027,  63.1967,  71.2714,  62.0521,  61.8658,  65.2264,  61.9447],
 [ 67.5516,  64.8421,  65.7565,  66.5415,  64.7093,  62.5632,  66.0523,  63.0956,  63.0838,  61.8436,  64.7978,  62.5811,  66.7846,  63.1602,  64.9105,  63.1109,  63.1110,  66.3610,  60.4582,  64.7100,  64.7193,  65.0544,  69.1424,  61.0153,  65.0405,  60.6845,  63.7879,  70.6880,  65.1503,  62.3962,  67.7856,  64.6305],
 [ 74.6526,  71.3841,  67.8172,  69.3266,  66.8325,  68.8926,  67.6250,  65.7941,  69.4828,  68.7079,  69.6316,  67.7107,  69.3461,  69.3882,  71.3779,  67.8071,  65.6245,  67.6936,  64.7829,  71.4209,  67.1856,  69.4637,  76.4326,  66.1289,  68.8655,  62.7042,  66.2307,  72.8891,  67.5352,  62.9155,  69.5836,  67.3774],
 [ 67.2115,  65.5385,  64.0910,  64.8931,  61.8758,  62.9934,  63.4356,  61.9827,  62.5753,  65.4521,  66.9278,  62.6447,  64.1712,  62.5344,  68.1992,  61.4488,  56.3370,  64.0869,  63.7944,  65.0789,  65.1236,  65.4055,  69.9883,  62.9880,  64.9480,  58.1510,  61.6278,  71.1013,  63.5919,  64.3796,  65.8304,  63.5234],
 [ 64.1297,  65.1189,  60.8474,  60.8229,  59.3122,  62.9908,  61.0972,  56.4150,  61.6401,  60.8662,  63.3858,  58.3447,  62.7077,  60.8099,  64.1440,  60.0647,  58.9104,  62.5573,  58.0130,  60.2425,  59.7080,  61.5110,  68.4334,  58.4405,  58.9721,  55.7840,  56.8942,  66.1702,  57.7260,  56.1596,  65.8455,  61.1801]]

 ================ C_computed ============= 
[[ 73.6629,  69.6592,  66.8995,  71.5653,  67.3888,  67.5926,  69.0577,  67.3572,  67.7517,  71.5268,  69.5419,  67.7571,  70.7295,  68.9616,  72.3159,  62.8548,  64.5529,  68.4503,  65.5314,  68.2906,  68.2298,  69.3202,  74.3377,  65.3406,  67.7536,  64.2980,  67.1005,  74.5343,  69.9297,  67.3568,  72.2655,  68.6077],
 [ 68.0063,  66.7188,  65.2537,  67.4121,  62.7124,  63.9376,  66.4068,  63.3535,  61.8579,  66.5169,  65.1463,  62.7676,  66.8966,  65.9444,  69.6443,  64.5926,  63.1235,  65.5157,  62.7324,  65.6204,  64.7804,  66.1493,  71.8723,  60.8202,  64.8144,  60.5672,  64.9928,  70.7183,  65.5292,  63.7571,  69.1169,  65.4214],
 [ 61.8257,  63.4277,  61.8274,  62.5489,  61.8784,  61.6610,  60.2492,  58.8535,  60.1819,  61.8052,  62.5303,  61.7922,  60.9172,  59.6991,  64.0199,  58.3073,  58.4906,  60.9944,  57.2883,  63.7990,  62.1318,  65.2047,  66.8950,  59.0897,  59.0366,  58.0097,  58.2210,  67.4417,  61.9872,  59.6118,  63.9237,  61.3618],
 [ 64.2315,  62.8407,  62.6270,  62.5061,  58.9611,  60.7706,  62.2354,  60.2280,  58.7237,  63.1484,  62.9985,  61.7883,  60.1660,  63.0397,  63.4419,  59.6381,  57.8290,  59.3750,  60.1716,  62.7849,  60.7360,  60.9854,  68.0144,  56.9943,  62.5189,  55.7240,  59.5810,  64.4987,  58.7009,  59.8733,  64.4255,  61.5129],
 [ 70.7568,  67.6004,  66.3934,  68.7269,  62.7461,  64.1640,  64.4292,  63.1385,  65.8394,  64.9317,  63.5128,  65.1357,  66.8568,  64.5102,  67.2228,  63.5616,  60.3343,  65.3163,  65.3848,  66.3201,  64.3561,  65.5936,  72.4823,  63.7926,  64.3540,  62.1022,  62.2549,  70.2023,  63.6507,  63.9240,  67.4103,  66.6374],
 [ 71.8132,  69.6891,  66.5235,  69.0739,  65.2864,  69.1871,  67.9365,  65.5092,  69.4940,  68.5102,  71.7066,  66.8618,  70.6970,  67.0236,  72.1928,  70.7432,  63.5404,  68.4179,  64.4010,  69.7370,  68.0633,  71.2640,  74.3189,  64.7842,  66.8788,  63.2751,  64.4830,  73.7195,  69.6855,  63.2542,  71.7730,  68.8822],
 [ 73.0688,  68.4311,  67.9914,  71.3324,  67.2997,  69.5927,  67.1398,  66.6891,  66.7777,  66.4144,  70.1050,  65.8420,  69.3992,  68.6093,  73.1547,  67.0318,  63.1308,  70.6873,  64.3551,  70.0104,  69.3794,  72.3661,  74.5842,  65.0170,  66.2972,  62.4927,  64.1972,  73.9481,  68.4315,  66.3658,  71.9617,  68.5417],
 [ 65.7000,  63.1966,  64.1138,  65.6536,  60.5969,  63.5533,  64.7932,  60.8839,  59.5562,  60.8106,  64.6984,  60.7554,  63.2682,  61.0805,  65.7531,  61.8971,  60.7981,  63.3176,  60.1863,  63.2433,  64.1950,  62.1059,  68.1240,  60.5860,  60.8695,  58.4595,  60.9734,  66.6364,  60.8889,  60.9223,  63.9694,  63.2346],
 [ 65.4109,  62.9696,  63.2215,  61.9238,  63.5652,  63.7411,  61.0335,  61.7922,  60.0035,  63.1954,  65.4571,  63.0346,  63.9338,  62.4779,  65.7895,  61.5374,  61.2031,  62.3797,  59.9349,  65.5824,  62.2114,  65.8901,  69.4290,  58.6635,  64.0822,  58.3155,  62.8966,  69.8442,  63.2934,  59.0469,  64.2215,  62.0395],
 [ 68.1256,  67.0979,  66.8256,  65.3797,  65.3879,  65.5648,  64.8646,  63.5912,  64.2700,  64.7018,  65.6986,  65.1394,  63.9086,  64.1966,  66.4580,  64.5176,  61.0088,  65.0768,  61.6175,  66.3897,  63.8391,  67.6247,  72.4755,  59.5690,  65.1796,  59.9932,  62.5575,  71.8634,  63.1189,  61.3576,  65.6008,  66.0964],
 [ 64.8195,  61.1890,  59.4488,  62.0555,  58.5342,  60.8508,  61.4080,  59.9450,  60.8171,  61.6918,  60.2236,  60.4729,  63.3148,  60.7791,  60.8268,  58.9185,  59.6688,  60.2209,  56.9345,  60.7108,  59.1048,  62.3859,  66.6244,  57.0351,  60.3519,  58.1768,  59.6516,  67.1612,  60.9410,  57.6113,  63.0180,  59.5548],
 [ 72.3866,  68.6087,  65.1209,  68.9816,  63.6078,  68.6272,  70.9635,  66.2735,  64.5153,  66.4741,  66.9480,  66.4301,  69.6528,  68.6339,  71.0259,  66.0462,  63.6157,  64.7713,  64.2315,  68.5971,  66.0148,  69.2113,  72.7917,  65.6368,  66.9386,  62.2984,  66.4873,  73.8002,  67.6756,  62.3775,  69.5733,  67.5748],
 [ 71.0398,  65.4454,  69.1484,  67.0565,  64.7582,  65.4329,  65.8421,  63.0591,  64.5198,  64.2139,  68.7172,  63.0752,  65.4030,  64.8097,  66.9247,  66.0828,  64.5079,  67.2899,  64.5355,  68.2629,  65.5752,  67.3238,  70.9706,  63.2911,  66.9868,  61.6217,  64.5823,  70.0871,  68.1693,  64.2366,  70.5372,  67.1581],
 [ 63.7291,  62.7799,  61.2049,  63.1731,  57.3903,  59.0493,  59.8951,  59.0165,  60.6118,  61.3954,  63.0961,  57.5415,  60.3786,  62.1933,  65.0915,  57.7093,  58.2803,  61.4997,  57.6612,  62.1830,  59.9074,  61.8292,  68.4446,  57.3083,  58.5205,  58.3298,  57.8827,  66.5778,  60.7956,  57.2596,  61.4920,  61.5572],
 [ 62.4872,  61.2463,  59.4998,  62.8493,  59.9123,  60.9017,  64.0603,  61.8473,  59.2873,  64.3484,  63.5272,  59.4428,  60.2307,  58.5152,  65.5008,  56.8457,  58.7995,  63.2016,  60.0497,  63.0478,  61.7732,  64.2443,  67.0467,  59.0511,  60.8999,  57.0595,  59.0973,  67.5769,  59.1198,  57.3648,  62.5488,  62.2018],
 [ 64.9909,  63.7796,  62.7283,  60.2684,  58.0847,  62.4865,  62.1120,  57.3110,  60.1553,  61.1825,  62.7942,  61.8195,  62.2125,  61.4297,  63.7275,  59.3907,  58.0913,  59.9679,  58.3423,  64.3434,  61.3277,  63.0292,  68.4649,  57.5574,  63.0477,  59.1625,  60.2921,  65.7648,  59.9397,  57.8228,  66.2804,  62.2201],
 [ 72.6178,  69.8328,  64.9982,  64.0181,  62.6853,  60.1060,  58.4728,  60.0126,  62.7294,  64.2075,  64.9739,  63.8162,  61.0431,  59.4098,  62.2825,  62.5851,  62.5103,  64.9268,  61.0335,  65.7417,  67.6113,  63.1869,  65.7350,  58.5779,  63.6006,  63.5099,  66.3174,  69.3962,  69.5391,  61.8341,  64.0328,  60.6706],
 [ 74.9995,  70.2391,  68.3286,  63.2461,  62.6095,  61.0714,  60.9224,  65.1845,  63.6123,  65.5402,  64.1999,  62.9885,  62.8996,  62.0294,  65.8788,  61.6996,  62.1802,  65.3206,  62.2129,  69.3997,  67.5824,  64.4948,  68.8535,  62.6072,  63.5423,  63.7929,  63.2969,  71.9656,  67.9428,  63.1115,  66.5821,  62.7931],
 [ 73.2801,  74.3380,  71.4751,  67.4895,  66.8395,  62.6015,  60.6422,  65.1441,  62.5237,  65.8974,  64.9908,  65.2719,  61.9004,  62.5104,  67.2344,  63.3702,  66.9967,  66.7763,  63.1446,  71.1568,  67.8750,  67.1799,  71.6278,  63.1237,  65.6078,  65.7138,  69.0557,  73.9114,  70.3744,  66.2460,  66.7948,  63.5298],
 [ 73.5356,  70.1988,  67.8380,  64.5915,  62.2932,  60.3133,  56.3561,  63.0687,  61.9614,  64.1342,  63.6182,  62.1358,  64.0355,  60.7796,  67.1393,  61.3166,  64.7135,  65.9112,  60.1621,  66.9213,  68.0757,  64.3809,  69.9139,  60.1847,  64.3627,  60.3359,  64.2637,  70.9984,  68.3798,  65.1858,  65.8827,  59.9200],
 [ 67.9279,  69.5686,  63.2566,  62.9977,  59.9909,  58.7816,  55.4380,  62.4887,  62.2936,  61.6201,  58.5231,  60.9726,  59.7022,  58.5660,  60.6256,  58.4826,  59.9911,  62.6946,  58.5538,  66.2927,  63.9161,  62.2103,  64.8475,  59.2720,  62.8112,  59.7560,  62.2147,  65.7559,  65.6832,  60.5000,  61.4406,  58.3594],
 [ 72.4058,  69.4270,  68.1224,  66.5176,  62.3234,  62.0001,  61.2994,  63.8807,  61.3442,  63.6018,  65.2232,  64.1721,  61.0451,  63.0865,  64.9821,  63.6592,  62.4242,  67.5308,  61.1728,  70.7526,  66.7445,  64.9645,  69.8486,  63.5712,  64.3669,  61.4018,  66.8229,  71.1060,  69.2663,  63.7417,  65.8831,  64.7930],
 [ 71.6776,  68.3469,  68.0389,  64.9039,  61.7565,  58.4611,  60.9103,  62.5756,  60.4852,  62.1205,  62.7758,  64.1268,  60.6102,  58.2432,  62.1776,  62.7301,  62.4960,  62.8785,  63.1590,  70.8447,  63.6937,  63.7623,  67.1823,  61.8218,  65.7640,  59.2344,  65.4845,  70.0234,  67.4007,  62.2027,  64.9500,  60.1205],
 [ 77.7439,  76.3244,  68.2977,  70.4147,  66.6621,  63.6883,  63.7139,  67.5321,  64.2455,  66.2848,  65.7380,  66.9789,  65.2565,  66.3099,  69.5874,  66.1844,  65.4348,  70.5412,  65.8442,  71.5017,  71.5645,  67.4055,  73.8180,  65.5158,  70.3796,  67.1776,  68.2645,  74.4724,  70.2250,  66.2444,  70.1186,  64.1307],
 [ 68.1817,  66.6705,  64.7075,  64.5542,  62.2094,  57.5418,  60.2762,  63.3521,  61.1079,  62.6656,  61.0402,  60.2825,  59.5070,  59.4626,  63.1167,  56.7699,  62.3168,  63.4917,  60.3166,  65.9340,  65.6552,  61.9002,  66.5805,  59.3329,  61.3919,  57.9989,  62.2479,  69.2936,  65.5292,  61.6968,  62.9556,  60.6531],
 [ 72.3111,  71.2949,  66.4766,  64.7078,  62.5005,  60.0446,  59.7884,  62.3514,  60.1073,  62.7981,  61.8592,  63.5817,  58.3088,  60.2026,  64.3079,  63.7759,  62.5255,  66.2019,  61.1104,  67.5080,  65.4309,  63.2171,  69.5110,  61.1934,  65.0244,  60.8040,  65.3552,  72.8492,  66.5428,  59.9471,  64.1924,  62.0053],
 [ 71.2588,  71.7488,  67.7356,  65.9805,  62.5303,  60.7087,  60.6825,  66.6538,  61.4557,  62.3976,  60.5208,  61.6134,  61.5269,  61.5203,  65.6135,  63.1231,  62.4812,  67.3192,  61.2122,  68.4165,  68.6071,  63.6284,  65.8842,  58.2100,  62.6633,  62.0931,  65.7670,  70.7116,  66.3405,  62.4838,  65.5469,  61.1200],
 [ 70.9269,  73.7953,  66.3068,  67.8450,  63.4984,  61.8286,  61.7500,  66.4356,  63.7769,  65.5567,  65.1731,  65.4226,  63.1211,  62.4391,  66.2848,  61.7911,  62.3305,  66.5794,  61.3795,  68.4184,  66.6252,  68.5873,  71.8230,  63.1545,  64.7060,  63.8456,  66.6297,  71.9062,  65.8258,  61.5287,  69.7217,  62.5200],
 [ 70.1484,  69.1104,  67.2691,  67.4522,  62.6716,  59.4322,  59.2884,  64.6370,  62.4411,  64.0466,  62.6179,  62.7120,  60.6006,  61.4766,  62.6841,  56.8740,  61.2768,  65.6144,  59.9957,  67.3618,  65.3628,  64.2858,  65.9111,  60.5040,  63.0218,  62.1753,  62.7430,  70.0715,  67.6441,  63.3129,  67.1270,  62.0930],
 [ 76.6535,  74.5465,  72.3196,  68.4632,  66.6985,  64.4556,  61.2498,  67.2360,  67.6503,  68.5501,  67.3383,  69.2288,  66.2478,  63.6069,  68.4428,  63.4693,  70.5310,  68.1995,  67.8920,  73.6528,  71.2782,  71.2702,  76.1315,  66.0925,  68.0865,  66.8153,  71.9398,  75.8943,  73.9052,  67.9667,  71.1356,  67.7639],
 [ 75.4520,  71.4020,  69.0797,  71.7974,  64.9226,  62.5807,  63.0530,  65.8642,  62.1219,  66.0840,  66.3380,  66.5376,  66.2382,  63.7132,  66.9555,  65.1471,  66.9203,  69.3156,  63.2031,  71.3750,  69.6043,  69.6284,  70.8727,  64.7956,  69.7173,  64.7723,  65.8672,  75.0989,  69.5531,  67.5760,  66.7983,  64.1157],
 [ 72.9996,  71.2359,  70.3221,  67.4805,  63.9353,  60.6393,  60.7607,  66.9691,  62.1102,  63.1968,  65.7032,  64.8244,  61.4362,  62.8682,  65.0693,  61.6651,  62.9691,  68.4694,  62.6838,  74.0645,  68.5595,  66.3670,  70.0408,  62.7113,  65.5743,  64.6141,  67.1339,  72.3763,  69.8649,  62.7823,  68.2794,  62.5576],
 [ 68.0033,  63.8848,  60.7631,  60.9497,  58.6880,  56.8691,  56.6587,  58.8588,  57.6517,  57.5104,  57.8074,  57.8622,  58.7340,  54.8747,  61.1885,  57.3621,  58.2134,  62.3572,  55.7774,  64.8213,  64.2146,  61.8485,  62.7049,  56.7566,  58.6003,  57.1199,  59.4798,  64.8720,  61.5059,  60.3956,  60.0004,  56.4059],
 [ 74.0337,  71.7847,  69.9018,  67.1348,  64.3062,  61.9470,  59.7475,  65.5929,  64.3930,  65.3733,  65.6110,  65.7773,  62.6833,  62.1030,  67.6079,  60.1191,  65.5331,  68.0400,  61.4883,  70.1201,  69.7252,  68.9872,  69.9739,  63.0645,  67.0299,  64.9748,  66.4018,  75.0655,  70.4314,  62.7014,  66.6663,  64.0568],
 [ 71.6239,  67.5891,  65.3661,  66.3127,  62.7528,  59.8927,  60.0464,  62.5640,  64.0213,  63.4294,  63.9201,  60.6363,  59.5754,  62.2237,  61.8780,  59.6072,  62.4726,  64.1696,  61.3705,  66.0609,  65.5564,  67.6824,  67.3048,  59.4027,  63.0946,  62.8140,  64.5572,  69.7024,  67.6991,  62.8540,  66.6245,  63.1331],
 [ 73.5861,  72.6778,  68.8194,  66.7532,  63.7546,  59.4907,  59.5887,  67.6648,  61.9940,  67.3275,  63.7010,  63.9021,  59.3837,  61.8659,  62.8158,  62.6350,  62.8149,  66.9607,  62.5661,  68.3978,  66.4240,  65.0619,  72.1384,  60.9717,  64.5745,  64.3065,  64.5343,  72.5060,  67.0331,  62.2847,  66.1948,  65.4547],
 [ 73.3815,  69.6483,  67.1370,  65.1027,  60.8579,  60.1463,  57.8341,  64.6984,  60.2156,  62.0402,  65.0639,  65.4638,  62.0576,  57.1132,  62.6877,  59.3547,  64.1014,  65.5255,  61.4329,  68.9227,  68.1094,  66.2633,  67.4030,  62.8885,  64.7932,  61.4013,  63.9222,  70.0890,  67.3975,  63.4414,  67.5016,  62.7631],
 [ 63.2562,  58.8643,  60.0743,  55.1315,  54.3660,  52.6663,  50.4171,  54.3773,  53.8308,  55.9871,  54.0981,  56.1119,  52.5742,  53.3541,  55.9056,  54.7944,  54.5084,  56.2102,  52.1822,  62.1158,  57.5553,  55.4189,  58.0847,  55.0756,  57.1701,  55.0935,  56.1317,  61.9032,  59.6905,  52.6198,  55.6716,  53.5973],
 [ 71.7029,  71.1270,  66.8649,  66.9198,  65.9464,  60.3750,  58.0128,  63.6800,  63.8324,  65.4817,  61.9506,  65.5558,  61.5413,  63.5960,  64.7409,  61.6210,  65.6335,  65.0164,  59.6455,  67.0382,  66.6702,  68.2816,  69.6650,  60.5397,  64.5403,  63.2949,  67.3083,  70.8560,  67.6658,  64.5363,  64.2000,  64.7594],
 [ 70.4468,  68.1213,  67.4341,  64.0559,  62.2818,  62.0027,  58.6636,  63.9326,  63.1509,  60.0929,  60.4282,  62.4755,  61.0341,  59.5353,  63.9120,  59.7090,  59.2412,  65.2815,  58.1319,  68.1367,  64.1933,  64.5961,  67.2459,  61.3946,  64.4580,  62.1945,  65.0638,  69.6601,  67.9249,  62.4206,  64.5788,  59.3427],
 [ 69.8917,  68.2109,  66.1475,  64.7018,  60.0207,  60.3706,  60.9209,  62.5019,  60.9443,  64.1013,  60.6934,  62.3527,  62.4199,  57.7573,  62.1472,  61.4327,  62.7231,  64.0620,  60.5880,  65.8755,  65.4783,  64.3584,  69.6150,  61.1649,  63.2764,  60.8324,  64.5950,  68.4806,  63.8403,  61.7103,  64.3780,  65.6706],
 [ 71.1357,  67.2087,  63.8218,  63.3252,  59.6265,  59.2467,  53.7467,  60.9239,  57.5597,  60.4053,  59.5396,  60.6331,  59.4358,  58.0271,  61.7644,  57.6511,  57.5728,  61.2965,  57.9093,  63.3369,  61.9604,  62.2169,  65.3826,  58.6326,  61.3634,  57.1377,  60.7800,  66.3826,  64.5793,  58.0081,  64.5534,  58.3089],
 [ 72.8811,  69.2896,  69.0309,  67.3691,  65.6991,  59.0267,  59.5299,  64.5915,  65.2929,  64.6407,  61.4993,  62.7845,  62.0613,  60.9996,  63.4888,  61.5323,  61.7139,  66.7147,  63.4364,  67.9986,  68.4699,  65.4416,  68.8809,  61.8287,  63.0210,  62.0194,  65.7104,  70.5320,  68.2092,  62.0631,  65.5941,  63.0278],
 [ 67.2625,  62.6286,  58.3556,  60.3248,  54.7394,  52.2310,  51.3527,  55.7407,  55.1520,  55.5318,  54.6404,  56.9401,  57.0140,  54.1628,  55.8277,  54.1556,  57.1315,  58.5448,  54.8523,  59.6577,  59.9612,  62.0068,  58.4917,  54.6885,  59.3846,  56.9512,  55.4865,  64.4234,  61.4506,  56.2767,  59.4156,  54.3970],
 [ 68.3611,  68.1943,  66.5316,  63.7957,  61.7947,  57.5364,  58.9767,  62.8319,  61.8914,  64.4711,  62.0561,  59.9272,  58.2803,  59.5526,  61.3663,  58.9937,  62.2651,  64.6367,  58.7451,  65.9709,  66.3027,  63.4341,  66.3515,  58.4941,  63.4362,  59.4925,  63.7658,  68.3122,  67.0784,  62.4631,  64.2499,  60.6433],
 [ 72.6836,  69.6476,  65.6140,  67.2672,  64.2230,  61.3322,  59.8734,  63.9050,  60.8615,  64.5409,  64.8315,  64.3315,  63.1954,  59.3078,  64.2800,  59.8275,  63.8323,  67.6451,  62.8366,  67.5507,  65.6697,  67.2484,  69.7326,  59.6211,  66.9092,  63.6240,  67.0250,  70.7610,  67.3932,  62.8360,  65.5913,  62.9425],
 [ 70.7163,  69.8082,  62.2804,  63.2433,  62.2118,  58.3601,  58.9646,  63.0488,  61.6304,  61.9636,  62.7638,  58.9499,  61.2965,  60.3088,  66.5349,  59.5029,  61.2324,  65.6405,  60.1270,  64.2563,  62.6516,  66.1336,  64.9286,  60.1066,  64.8827,  60.2612,  65.5303,  69.2809,  66.6688,  59.6204,  63.6863,  57.7765],
 [ 76.8815,  75.0826,  70.5851,  70.9145,  65.8109,  66.0774,  64.1888,  68.4751,  67.6165,  68.6738,  67.4796,  69.5740,  63.3310,  63.1845,  67.0969,  68.1607,  66.5767,  72.2538,  63.2575,  72.4718,  67.3775,  72.5409,  72.3416,  66.2688,  68.5863,  66.9923,  68.2165,  72.7217,  73.5526,  66.8096,  70.4102,  62.0115],
 [ 70.2887,  68.3153,  65.0929,  64.7147,  61.8995,  55.9584,  58.1369,  62.9826,  60.0395,  62.2231,  62.3315,  59.8441,  60.3589,  60.7886,  61.6644,  60.7336,  60.4151,  63.3236,  58.7456,  66.0251,  63.3995,  61.3934,  66.0592,  60.4721,  63.3823,  62.4560,  63.9570,  66.5038,  67.8419,  60.2729,  62.0931,  59.9482],
 [ 73.4218,  67.6713,  65.3394,  64.8961,  59.0208,  60.6265,  59.0524,  64.9214,  58.9396,  60.5547,  60.3246,  61.8904,  59.0421,  58.8594,  64.5307,  62.1921,  60.9301,  67.0392,  60.0924,  66.3772,  64.5603,  63.6948,  65.5200,  63.0599,  63.4565,  60.9934,  61.8085,  67.5501,  64.5164,  58.3820,  63.7876,  58.6379],
 [ 72.9072,  74.9724,  68.9500,  69.3882,  63.6677,  64.0034,  62.8123,  69.1176,  63.0970,  67.4604,  65.5937,  68.4279,  64.9985,  61.9673,  69.0072,  60.7213,  66.6475,  68.3995,  63.8930,  70.4252,  70.2653,  69.0033,  71.0075,  63.5883,  68.2533,  63.5043,  67.2319,  75.3484,  73.1031,  65.3130,  70.5301,  64.9641],
 [ 76.5204,  72.2644,  72.6573,  71.7432,  67.7088,  64.9417,  64.2210,  66.6283,  64.7040,  66.6648,  67.2003,  67.6375,  67.0287,  63.7772,  67.1658,  64.6751,  68.4475,  69.4452,  63.1308,  70.7286,  70.6436,  71.8840,  73.7770,  67.1949,  69.7858,  66.9174,  66.7587,  76.9195,  72.9535,  68.6427,  71.6946,  67.7617],
 [ 72.9598,  70.9967,  68.5397,  62.4589,  60.8927,  58.7523,  57.6664,  61.7696,  60.5587,  63.0861,  65.1098,  63.2476,  61.5192,  62.0527,  62.8668,  61.7696,  61.8871,  64.8678,  60.8467,  66.4371,  66.2137,  66.5047,  66.2689,  59.8250,  63.0804,  60.6804,  63.5821,  69.2550,  66.7802,  62.8484,  65.3142,  63.9158],
 [ 71.1315,  68.5496,  64.5883,  64.5117,  62.0298,  59.2799,  59.1720,  58.7245,  61.2322,  61.1200,  60.5046,  62.9172,  60.8504,  59.5035,  63.1357,  59.0858,  63.1917,  62.9517,  59.6869,  66.5524,  66.6726,  64.1296,  66.9260,  59.8010,  65.3242,  61.2098,  62.3068,  69.2279,  66.2286,  60.9921,  65.1616,  61.3777],
 [ 73.5870,  69.8895,  66.9608,  67.0745,  60.6553,  60.4401,  59.2310,  63.7375,  61.4465,  62.3052,  62.7195,  62.9442,  63.1086,  59.8639,  62.3898,  62.5561,  61.8449,  65.9730,  63.0116,  66.0874,  65.2484,  65.6404,  67.6481,  62.7094,  65.7465,  61.6203,  65.3008,  70.5668,  67.5836,  62.7660,  63.7435,  61.9486],
 [ 72.2841,  73.3382,  64.9286,  67.3052,  62.6662,  61.0087,  61.2874,  64.4630,  64.9304,  64.6627,  62.5110,  62.4805,  61.8364,  63.5667,  63.9028,  62.0272,  63.5092,  67.4796,  62.2701,  70.0469,  68.4562,  68.8456,  67.1103,  61.1584,  66.4210,  65.0543,  62.6678,  72.4991,  68.9394,  61.5686,  66.6332,  63.0827],
 [ 70.0417,  64.8990,  65.3522,  64.2994,  60.8963,  57.2791,  58.2359,  60.5954,  58.4547,  61.3097,  61.7118,  58.4422,  57.8199,  58.2178,  59.8636,  59.2494,  59.0157,  61.9721,  61.1435,  65.8212,  62.0062,  61.8018,  63.1637,  57.5280,  62.2045,  57.4363,  61.4637,  66.8917,  66.6180,  61.2264,  62.6390,  59.2910],
 [ 69.7651,  68.5048,  65.1129,  64.4846,  62.7297,  58.7946,  57.2622,  61.1830,  61.2806,  63.6708,  60.6916,  63.4433,  62.6829,  60.2773,  63.6497,  57.3332,  63.8739,  63.5066,  60.6231,  66.5965,  65.8474,  65.3280,  67.8645,  60.1602,  64.6108,  62.3467,  65.2696,  69.0386,  67.2488,  62.2535,  64.3266,  61.0834],
 [ 75.2462,  69.1188,  64.5946,  67.5038,  65.2455,  59.9782,  61.6417,  64.1424,  63.1172,  63.5959,  62.2895,  62.4372,  63.5054,  61.8414,  65.5467,  62.6893,  62.1457,  65.9777,  63.2581,  66.3380,  67.1230,  65.9455,  69.2050,  62.4696,  63.9658,  63.4454,  65.8694,  69.1151,  66.8702,  65.2259,  67.9366,  63.0224],
 [ 71.7354,  69.7286,  66.9796,  63.6791,  64.9116,  58.1981,  58.3803,  59.3274,  60.9647,  62.4441,  65.0570,  63.0255,  61.2251,  59.7776,  64.9599,  61.0986,  61.6319,  65.6031,  62.0308,  67.4057,  65.9072,  64.7118,  69.0138,  61.4034,  64.8681,  62.0893,  66.0843,  70.9284,  66.0666,  62.9393,  64.1302,  59.5947],
 [ 71.5250,  67.4903,  67.4155,  66.1154,  62.6676,  60.1041,  59.3554,  62.2471,  62.6913,  63.0871,  61.2750,  63.8963,  63.0216,  58.1323,  60.5996,  61.1586,  63.5947,  65.3834,  63.2334,  67.0259,  66.1333,  63.5767,  67.2108,  60.6003,  65.2425,  63.8820,  65.0914,  68.3749,  68.0540,  64.7978,  66.2607,  62.2460],
 [ 75.7269,  75.7511,  70.0540,  70.0481,  66.8198,  63.9561,  62.7066,  69.2349,  65.6851,  66.8623,  65.4253,  69.1650,  64.5558,  64.4869,  67.0116,  66.0806,  67.7086,  69.7001,  64.3598,  70.8790,  68.6674,  70.9323,  74.1212,  64.8839,  68.8415,  66.2231,  68.9934,  75.4955,  70.8998,  67.1012,  69.4228,  63.5942],
 [ 70.5639,  67.6347,  67.1408,  65.0274,  62.0130,  59.0546,  58.9436,  64.4079,  62.1777,  65.3430,  63.7124,  63.5523,  61.4413,  60.6291,  62.9133,  59.6203,  59.7696,  65.0768,  63.6470,  70.1207,  65.3126,  62.8490,  70.1798,  62.5591,  64.5730,  60.8798,  65.6572,  71.9818,  68.2985,  65.5070,  65.2816,  61.4882],
 [ 68.3495,  65.9149,  63.3379,  61.9647,  58.4979,  54.7721,  55.9157,  58.4316,  59.1912,  62.0144,  60.6330,  56.7795,  56.5643,  56.8108,  60.3835,  56.2945,  59.4354,  65.2173,  58.8585,  61.6346,  63.1365,  60.8237,  67.8873,  56.3548,  58.7518,  57.0139,  61.8206,  66.7865,  63.5434,  59.3807,  62.3723,  61.3821]]

=========================================
Warmup iters : 20
Benchmark iters : 200
Average kernel time: 6.157 us
=========================================

