Max abs error : 1.566772e-01
Max rel error : 1.545889e-04
 
 ================= C_actual ============ 
[[ 1022.8658,  1040.2985,  1043.5342,  1042.1901,  1061.6949,  1051.7834,  1025.0022,  1026.3508,  1046.4131,  1065.3042,  1017.3356,  1034.8586,  1027.7144,  1042.2275,  1027.3186,  1038.6394,  1055.1233,  1035.0642,  1027.7283,  1050.1836,  1029.9014,  1053.5112,  1047.8521,  1038.2843,  1037.5330,  1034.6770,  1048.2600,  1047.8199,  1048.7572,  1036.4160,  1053.1406,  1024.8464],
 [ 1004.0502,  1029.9653,  1034.3501,  1034.5417,  1033.6594,  1026.9481,  1012.5991,  1011.7927,  1030.8079,  1045.2192,  1003.8365,  1020.9447,  1030.1298,  1039.8378,  1026.1482,  1027.0585,  1035.4131,  1023.5081,  1022.8281,  1034.6581,  1029.0537,  1028.5216,  1025.5488,  1029.0221,  1025.3877,  1021.0765,  1036.5378,  1038.6438,  1022.5223,  1038.5852,  1034.4028,  1021.0563],
 [ 1012.6734,  1021.1755,  1021.6402,  1024.9478,  1022.6390,  1015.4056,  1010.4310,  1010.8741,  1024.5950,  1033.2546,  995.8847,  1019.3398,  1009.7825,  1026.0901,  1009.3166,  1017.0254,  1026.1455,  1023.1194,  1017.3053,  1027.0962,  1013.7072,  1026.0563,  1032.9161,  1019.2861,  1020.6383,  1012.9759,  1015.1578,  1029.3436,  1020.4444,  1026.0306,  1026.8450,  1005.3325],
 [ 996.7860,  1023.4575,  1025.6411,  1023.6157,  1025.5040,  1012.5807,  1014.6191,  1004.1447,  1013.5643,  1035.1980,  1000.0776,  1010.7495,  1013.1218,  1024.2844,  1015.1613,  1026.4404,  1030.3826,  1015.3108,  1016.1780,  1023.9734,  1006.2599,  1021.2535,  1030.0962,  1020.0272,  1019.7598,  1019.1727,  1020.4662,  1023.0254,  1021.9969,  1022.6592,  1027.2864,  1008.3237],
 [ 984.6492,  1012.3076,  1014.2130,  1013.4167,  1015.6189,  1012.2918,  1002.5777,  1007.0422,  1005.1901,  1020.6393,  978.4327,  986.1860,  1001.5415,  1017.0596,  993.7686,  1007.2912,  1012.6641,  1015.5590,  997.4125,  1021.1675,  990.1924,  1019.2428,  1012.7318,  1016.1503,  1004.0863,  1001.9156,  1007.0958,  1026.2893,  998.4861,  1005.8772,  1011.2618,  1002.9700],
 [ 1015.5629,  1023.0254,  1041.8739,  1031.7256,  1038.6176,  1032.9924,  1023.2981,  1022.8597,  1037.6488,  1052.4460,  1006.0615,  1025.3260,  1037.3892,  1044.4070,  1019.4084,  1019.2019,  1036.5940,  1032.0603,  1025.1021,  1043.9165,  1024.5896,  1041.7289,  1029.1321,  1026.9087,  1017.0808,  1025.4235,  1028.0985,  1043.1986,  1031.4344,  1021.6212,  1048.9041,  1027.6494],
 [ 992.5726,  1007.1204,  1016.8625,  1008.0671,  1014.6360,  1003.2886,  1003.7789,  995.2625,  1010.2454,  1025.4978,  983.6836,  1001.7598,  1003.3274,  1019.6595,  996.1177,  1012.7523,  1021.5675,  1003.0217,  1009.5937,  1016.4018,  1009.2009,  1023.6192,  1020.0895,  1008.7952,  1020.2946,  1015.4166,  1021.7059,  1027.9254,  999.1973,  1010.8495,  1019.9748,  1012.0341],
 [ 1009.0603,  1026.6364,  1031.1145,  1032.6282,  1038.7401,  1030.1849,  1016.3185,  1017.3228,  1033.9371,  1050.0522,  1001.1144,  1019.8878,  1030.1249,  1037.3215,  1012.9638,  1023.3369,  1028.2035,  1027.7025,  1022.0502,  1037.1735,  1021.1531,  1042.1333,  1039.0684,  1033.7860,  1032.9380,  1025.5142,  1036.9325,  1051.7559,  1030.8906,  1042.8365,  1037.2715,  1022.3002],
 [ 1004.9142,  1035.5006,  1028.1189,  1034.8177,  1042.9485,  1029.9854,  1013.5088,  1017.7013,  1016.7277,  1048.3242,  1003.7890,  1032.6609,  1023.9987,  1037.6930,  1023.8597,  1025.5817,  1034.5476,  1032.5109,  1025.0234,  1036.5532,  1024.7305,  1034.8204,  1033.6274,  1030.8274,  1016.1078,  1029.3173,  1030.6050,  1041.9885,  1029.0713,  1021.6639,  1046.0077,  1018.1550],
 [ 1011.4481,  1016.0101,  1030.5686,  1029.3445,  1027.6642,  1032.7406,  1014.4260,  1012.3318,  1024.0466,  1028.4465,  1011.6213,  1000.5233,  1022.6797,  1021.4821,  1005.9774,  1018.2413,  1029.9669,  1018.1083,  1019.1477,  1027.6255,  1011.3587,  1033.3989,  1028.9198,  1022.1101,  1013.2966,  1016.9870,  1021.9856,  1035.5359,  1017.1926,  1016.2880,  1037.4160,  1011.5601],
 [ 998.8018,  1019.1084,  1024.6737,  1030.2068,  1027.4166,  1027.3014,  1007.8080,  1012.9496,  1018.8487,  1047.4602,  1008.0945,  1018.0370,  1019.2922,  1036.5763,  1004.9825,  1012.4863,  1032.8250,  1025.4011,  1015.7538,  1024.4834,  1015.8336,  1021.8654,  1031.1167,  1018.8050,  1017.0887,  1006.8538,  1026.1140,  1037.5087,  1015.4653,  1024.4338,  1028.7529,  996.9147],
 [ 1006.2238,  1024.9946,  1034.8506,  1031.3157,  1042.0093,  1028.1968,  1012.4307,  1021.8934,  1031.0808,  1042.8256,  1004.4315,  1019.4019,  1023.7600,  1044.4912,  1015.9346,  1027.4750,  1037.7256,  1027.1873,  1032.8063,  1029.8074,  1029.3837,  1027.0691,  1033.4702,  1024.7858,  1019.4780,  1034.9674,  1034.7877,  1046.9436,  1018.3819,  1028.3870,  1048.7759,  1015.5573],
 [ 996.2200,  1024.0972,  1024.7847,  1019.5179,  1017.6981,  1020.8480,  1011.4950,  1020.0792,  1023.6615,  1037.0127,  1004.4363,  1005.3118,  1019.4672,  1028.8538,  1009.2463,  1019.0444,  1031.7014,  1021.9169,  1016.0677,  1019.5723,  1020.9421,  1024.8308,  1025.6423,  1026.9990,  1016.6685,  1024.7437,  1027.3619,  1019.1463,  1019.9720,  1021.9930,  1045.4657,  1011.5289],
 [ 979.3418,  1014.0464,  1004.7322,  1016.0123,  1016.7152,  1008.7366,  1006.7169,  1000.4478,  1007.2070,  1032.8381,  982.4953,  1003.4081,  1001.5107,  1023.6830,  990.7388,  1017.9619,  1015.8976,  1008.5594,  999.0884,  1017.3870,  1011.8745,  1019.6337,  1014.8782,  1006.3464,  1010.4358,  1009.0016,  1012.3108,  1024.8920,  1007.8672,  1017.5884,  1025.3372,  1004.8489],
 [ 1014.6309,  1027.8823,  1026.0936,  1031.0244,  1036.7803,  1025.1321,  1015.3654,  1015.9091,  1018.1055,  1032.4215,  1002.7744,  1014.9453,  1024.7748,  1047.9624,  1009.4591,  1027.9395,  1036.5996,  1026.5195,  1014.2093,  1028.8203,  1007.4539,  1032.7803,  1038.3682,  1022.7748,  1022.6328,  1015.7959,  1033.8253,  1032.5258,  1020.1733,  1027.6663,  1044.5599,  1021.1461],
 [ 1012.1826,  1012.4269,  1023.4698,  1026.0593,  1036.6971,  1017.0050,  1007.6411,  1002.2292,  1034.3237,  1045.5752,  997.9583,  1017.9633,  1017.1236,  1028.6816,  1010.3831,  1027.0178,  1038.4725,  1033.4895,  1021.6122,  1025.7225,  1007.1094,  1034.3677,  1033.5170,  1019.2761,  1022.9551,  1020.9202,  1027.4788,  1033.8696,  1023.3107,  1029.9536,  1033.9628,  1023.4974],
 [ 1020.5236,  1036.5916,  1041.4712,  1040.7155,  1044.2339,  1033.4573,  1019.8363,  1022.5259,  1021.1773,  1050.8737,  1009.9546,  1031.0551,  1031.3217,  1047.0514,  1022.5718,  1039.4119,  1046.9712,  1029.4507,  1030.2170,  1041.5077,  1036.7822,  1051.7894,  1056.2341,  1040.9075,  1032.0857,  1037.7793,  1033.9750,  1056.1019,  1038.2894,  1037.6934,  1045.6340,  1021.5520],
 [ 1009.8076,  1008.8568,  1027.2285,  1023.9824,  1019.7308,  1022.1298,  1006.8054,  1009.3831,  1009.1613,  1032.9971,  990.9990,  1003.6775,  1007.4080,  1026.3561,  999.4692,  1023.7708,  1029.4591,  1017.9899,  1005.3510,  1025.3379,  1013.3773,  1034.2357,  1033.7646,  1020.0334,  1015.1831,  1005.1224,  1026.2468,  1028.8307,  1008.8344,  1017.4319,  1013.1421,  1001.9041],
 [ 1002.7070,  1011.9208,  1010.4268,  1023.2214,  1021.0764,  1024.6906,  1003.2953,  1007.4329,  1007.3141,  1030.2919,  992.6268,  1009.2402,  1001.7621,  1025.1251,  1008.8228,  1007.7334,  1034.2114,  1009.0223,  1008.3432,  1021.6445,  1013.3925,  1027.0381,  1023.1495,  1019.4962,  1013.2723,  1003.7894,  1021.8312,  1020.8616,  1018.1848,  1028.2341,  1012.6799,  1011.4845],
 [ 1010.8193,  1032.7047,  1032.9005,  1023.3160,  1021.3087,  1023.4462,  1016.8058,  1013.5628,  1030.1445,  1040.8903,  998.2578,  1018.3629,  1027.7664,  1028.7429,  1011.3353,  1027.8494,  1033.8568,  1018.4307,  1023.4246,  1033.7268,  1019.0952,  1025.4426,  1026.3381,  1026.0608,  1020.2769,  1026.3099,  1028.2130,  1030.8643,  1014.6381,  1031.1053,  1032.0986,  1012.4960],
 [ 1006.4474,  1016.6490,  1020.6764,  1022.4068,  1017.1396,  1021.8873,  1014.6720,  1007.7777,  1022.7603,  1047.7412,  994.1724,  1016.2004,  1008.5928,  1028.9650,  1019.2238,  1022.8134,  1025.7208,  1025.9131,  1013.0379,  1030.9165,  1015.4803,  1027.0187,  1026.3496,  1011.6904,  1017.1757,  1014.3267,  1028.5599,  1035.2587,  1014.1185,  1026.6630,  1036.8391,  1013.9064],
 [ 1024.7346,  1030.1509,  1047.5458,  1056.3011,  1043.4093,  1040.1193,  1024.4884,  1032.2356,  1040.5164,  1056.0920,  1017.2114,  1022.6025,  1034.4272,  1055.9873,  1018.5696,  1040.5830,  1052.8359,  1043.5657,  1030.1292,  1054.3196,  1028.0425,  1048.3879,  1052.4722,  1044.0510,  1039.1080,  1031.6593,  1040.7128,  1052.5867,  1033.0696,  1042.1957,  1051.3452,  1028.0222],
 [ 1005.8676,  1027.8538,  1033.7310,  1029.3947,  1036.0480,  1030.1102,  1012.0424,  1018.1468,  1022.9680,  1047.0076,  1005.6551,  1015.3721,  1011.0256,  1033.4297,  1022.2394,  1026.4493,  1034.3806,  1028.6495,  1012.8749,  1041.4146,  1007.2827,  1037.3668,  1038.6553,  1018.3353,  1019.7330,  1021.6721,  1032.4241,  1034.2461,  1025.9431,  1028.7296,  1046.6550,  1018.2578],
 [ 999.6202,  1010.0359,  1028.3344,  1021.0542,  1018.3173,  1016.7732,  1005.0789,  1010.6385,  1009.0164,  1038.0759,  1005.2908,  1006.2444,  1010.5594,  1021.6932,  1008.4133,  1022.3787,  1030.2074,  1023.8243,  997.0393,  1022.0519,  1014.0455,  1021.4960,  1035.5081,  1024.9893,  1024.8660,  1017.3303,  1018.8685,  1025.9658,  1014.9525,  1027.5630,  1025.9370,  998.9981],
 [ 1001.2614,  1015.1429,  1028.5117,  1020.4802,  1027.7471,  1026.7949,  1015.6430,  1015.2146,  1021.6149,  1034.2784,  1004.2527,  1018.9642,  1012.0709,  1040.4290,  1012.5270,  1033.4291,  1046.6648,  1009.6671,  1012.6653,  1036.2349,  1024.1875,  1022.5035,  1027.9110,  1017.0316,  1025.4692,  1019.1185,  1031.1603,  1025.8191,  1016.4776,  1027.0112,  1024.8962,  1014.7791],
 [ 1000.3342,  1024.6936,  1033.7911,  1031.7830,  1053.9565,  1023.8942,  1027.7974,  1023.5028,  1037.7010,  1036.3507,  1002.8594,  1017.1462,  1028.5220,  1033.7421,  1021.7221,  1030.3516,  1040.0270,  1025.9746,  1019.8311,  1038.1877,  1018.3912,  1037.0427,  1039.9066,  1032.1276,  1027.1866,  1029.7087,  1037.1663,  1049.3939,  1026.1343,  1025.8627,  1038.2106,  1022.6557],
 [ 1026.3210,  1033.2173,  1045.1709,  1043.7335,  1047.6439,  1033.6917,  1026.5994,  1032.4960,  1029.4897,  1048.0164,  1013.7148,  1031.4722,  1023.4570,  1046.6394,  1024.3105,  1037.1962,  1054.3132,  1036.9336,  1034.0049,  1046.1495,  1027.3646,  1041.7964,  1045.7361,  1040.1859,  1036.3191,  1032.0398,  1040.5972,  1042.8485,  1028.7869,  1040.0331,  1038.1075,  1035.3955],
 [ 1015.1889,  1035.4626,  1044.4479,  1034.9376,  1035.3326,  1029.3262,  1011.5864,  1022.4875,  1030.6913,  1043.1649,  1008.2424,  1024.8650,  1030.2310,  1038.5955,  1023.6000,  1034.1759,  1037.5369,  1024.0166,  1014.4339,  1038.9735,  1025.7761,  1042.1904,  1049.1307,  1030.8066,  1033.7214,  1017.8555,  1038.5870,  1038.8545,  1027.2662,  1036.9583,  1025.7251,  1019.7319],
 [ 1006.5422,  1020.8354,  1038.8215,  1032.4709,  1033.5889,  1030.6960,  1008.9775,  1020.5818,  1025.3545,  1059.9495,  1012.7570,  1019.5551,  1015.2487,  1032.3384,  1014.3547,  1025.5620,  1043.2521,  1025.9102,  1021.7678,  1035.3423,  1024.5433,  1023.7391,  1030.6221,  1031.0358,  1028.9985,  1020.3446,  1033.6167,  1033.9927,  1014.8173,  1020.2966,  1042.5752,  1031.6989],
 [ 984.0359,  1009.3224,  1006.2653,  1013.2509,  1009.3759,  1010.0020,  994.9713,  996.2302,  1002.6385,  1029.8719,  989.1631,  996.0482,  999.8534,  1008.5209,  1002.6926,  1010.5080,  1016.4233,  1005.9046,  997.8283,  1018.8166,  993.9888,  1015.6295,  1018.1431,  1010.5901,  1012.2708,  1005.2322,  1015.1799,  1017.3262,  1005.1747,  1000.6057,  1023.7830,  993.5945],
 [ 1008.2104,  1018.0169,  1031.7937,  1036.0065,  1031.2249,  1028.8923,  1014.6558,  1013.3087,  1025.4529,  1030.7776,  1002.6111,  1021.2633,  1021.7905,  1025.9946,  1014.8553,  1025.9639,  1035.6375,  1023.4575,  1026.9573,  1035.3347,  1015.5929,  1035.6144,  1029.9153,  1036.2141,  1020.1348,  1021.7999,  1035.0203,  1042.1921,  1030.9807,  1028.6340,  1036.4448,  1013.7034],
 [ 1002.7139,  1031.9403,  1031.0055,  1023.9976,  1036.2059,  1024.2460,  1021.9380,  1021.1748,  1036.9578,  1042.4078,  1008.4858,  1013.0825,  1031.0032,  1032.6139,  1002.3087,  1019.5806,  1036.3866,  1022.0435,  1004.4285,  1032.1758,  1016.8170,  1021.1792,  1042.1858,  1018.2415,  1014.3900,  1018.7120,  1022.5674,  1036.7552,  1015.2866,  1031.6382,  1036.6846,  1018.1909],
 [ 1024.4907,  1030.8845,  1042.0303,  1029.1544,  1057.2601,  1038.0990,  1022.9752,  1033.6802,  1035.3845,  1044.4795,  1010.9712,  1026.8115,  1030.3484,  1046.2947,  1027.0962,  1038.0790,  1045.4282,  1035.9324,  1027.1200,  1033.7397,  1030.3693,  1048.5004,  1042.2288,  1032.1052,  1035.4047,  1021.1472,  1027.8417,  1050.9530,  1028.4166,  1030.9073,  1048.2687,  1029.8994],
 [ 1006.8770,  1026.7759,  1020.3353,  1040.3315,  1027.5911,  1017.3380,  1007.2322,  1012.0263,  1018.9631,  1034.9556,  994.7098,  1012.4021,  1008.9324,  1025.7307,  1003.0769,  1021.7653,  1028.7200,  1023.4841,  1002.4920,  1036.3180,  1011.2437,  1025.2366,  1035.2046,  1003.9113,  1008.5427,  1020.0472,  1030.6644,  1038.0574,  1025.6321,  1021.1053,  1039.2013,  1009.3939],
 [ 1003.3159,  1019.3803,  1025.1981,  1027.4208,  1027.2316,  1029.8582,  1006.8821,  1009.5292,  1014.3469,  1033.9431,  993.6458,  1011.9700,  1009.8303,  1026.4077,  1002.3502,  1019.2388,  1037.0247,  1019.0284,  1011.2338,  1027.0559,  1002.1052,  1033.8308,  1025.7227,  1012.6356,  1019.2933,  1019.1878,  1016.9054,  1031.3007,  1017.4304,  1029.5382,  1037.1230,  1014.3724],
 [ 1016.8939,  1029.8016,  1038.4574,  1044.5916,  1045.1920,  1037.5061,  1030.1144,  1018.6441,  1038.9534,  1062.3584,  1014.4674,  1029.6909,  1031.2053,  1045.1479,  1025.3568,  1036.8438,  1043.3926,  1035.3024,  1022.3579,  1045.5204,  1029.9397,  1039.3541,  1054.4149,  1041.5736,  1047.4042,  1037.3878,  1046.6177,  1056.3199,  1033.8879,  1039.9956,  1045.3850,  1029.9197],
 [ 1013.2716,  1019.1390,  1031.0760,  1037.4584,  1037.9397,  1028.1550,  1014.6188,  1021.2174,  1026.2926,  1053.3442,  1012.9948,  1010.1165,  1025.4500,  1033.7996,  1031.0646,  1025.8850,  1035.2231,  1027.8485,  1018.9731,  1043.0598,  1031.1321,  1026.3479,  1038.0874,  1040.5991,  1029.7937,  1020.8019,  1030.6199,  1039.2689,  1019.2063,  1028.3373,  1025.4635,  1023.2193],
 [ 999.1407,  1015.4367,  1020.5599,  1021.0771,  1026.5066,  1018.8466,  1002.5790,  1017.9329,  1018.2673,  1041.7628,  1000.1085,  1004.8911,  1012.5568,  1026.9434,  1007.8257,  1017.5051,  1031.5034,  1018.3830,  1013.6975,  1031.0293,  1011.1421,  1023.2520,  1025.2405,  1012.8526,  1012.3287,  1014.2404,  1016.0123,  1023.2355,  1012.1327,  1018.9030,  1022.7805,  1015.8036],
 [ 1029.6598,  1037.2957,  1050.4983,  1042.3186,  1049.8224,  1035.0057,  1023.9854,  1022.0552,  1041.2211,  1048.5791,  1008.5114,  1033.6495,  1031.4685,  1044.5522,  1023.3040,  1029.2024,  1059.2555,  1032.3579,  1023.3227,  1046.0183,  1030.6957,  1040.4171,  1043.3251,  1041.9542,  1035.0018,  1034.1019,  1033.0292,  1048.0044,  1031.2842,  1046.3956,  1044.6810,  1030.6986],
 [ 1008.2209,  1030.3789,  1023.5585,  1023.3959,  1028.4220,  1031.2225,  1012.1799,  1005.5789,  1012.6846,  1035.4469,  997.3607,  1006.7350,  1021.2583,  1024.7999,  1005.1089,  1025.1782,  1031.9480,  1017.9425,  1005.3733,  1027.2776,  1018.0826,  1024.5225,  1033.6188,  1019.8638,  1013.0112,  1018.1986,  1035.4812,  1020.9997,  1018.4849,  1015.3300,  1024.9622,  1013.5393],
 [ 1014.2790,  1036.9055,  1033.7794,  1028.6013,  1047.9514,  1035.1121,  1014.7945,  1020.2769,  1029.9387,  1051.7688,  1016.0646,  1012.0567,  1024.7815,  1034.6099,  1016.9341,  1024.4036,  1039.7639,  1029.0364,  1025.9308,  1036.3000,  1018.4004,  1032.2080,  1036.9648,  1030.3484,  1026.9659,  1028.2693,  1040.9918,  1047.2867,  1026.0497,  1039.4390,  1048.2059,  1018.0955],
 [ 998.9039,  1012.6100,  1018.1293,  1021.1727,  1030.6158,  1026.3184,  1005.9675,  995.3016,  1010.0121,  1035.0981,  990.7656,  988.4519,  1002.7564,  1028.5837,  1006.2976,  1011.6052,  1024.7498,  1008.6590,  1009.7557,  1031.5728,  1004.3085,  1025.2889,  1032.2312,  1017.6149,  1010.6320,  1009.5021,  1029.4562,  1021.2891,  1016.5799,  1024.4292,  1025.4049,  1009.1672],
 [ 1007.8060,  1028.8904,  1032.9208,  1036.9841,  1034.1775,  1026.6467,  1016.4781,  1016.0530,  1020.4939,  1039.7181,  1010.9078,  1020.3358,  1020.6203,  1038.7794,  1007.5447,  1035.7970,  1037.5411,  1032.2880,  1014.7906,  1035.0081,  1023.7645,  1040.4564,  1039.2969,  1024.3334,  1026.5963,  1025.0059,  1030.2937,  1034.6157,  1015.8211,  1034.9993,  1035.7762,  1019.0248],
 [ 996.0778,  1013.3489,  1018.5418,  1018.9156,  1014.7994,  1013.2622,  1010.5694,  1009.5071,  1023.3084,  1038.9255,  987.1624,  1003.6126,  1021.3290,  1029.9290,  1009.0920,  1017.9329,  1030.9375,  1016.8885,  1009.1614,  1036.9941,  1018.5355,  1021.9693,  1021.0751,  1013.3353,  1013.6696,  1016.8536,  1023.1439,  1025.4575,  1016.5778,  1017.3925,  1029.0251,  1004.7290],
 [ 1015.7135,  1026.2234,  1041.3184,  1049.1155,  1051.1526,  1039.3008,  1027.5334,  1019.8975,  1032.0889,  1041.6509,  1015.8923,  1017.9673,  1035.3027,  1036.5278,  1035.1527,  1029.9406,  1051.5386,  1034.5591,  1028.0813,  1054.9890,  1025.6005,  1045.1145,  1047.5902,  1041.0046,  1030.4385,  1038.5673,  1035.1990,  1048.5680,  1029.1666,  1042.6057,  1046.3423,  1024.4031],
 [ 1001.0815,  1020.2868,  1022.1826,  1033.3113,  1031.0466,  1021.0371,  1000.0306,  1001.5477,  1019.9248,  1039.9019,  994.5869,  1013.6934,  1006.8555,  1024.3687,  1006.8612,  1014.9742,  1026.0233,  1032.5394,  1008.3408,  1019.3887,  1011.6482,  1035.8058,  1028.1953,  1015.1851,  1007.4767,  1016.7589,  1027.8682,  1034.1427,  1008.6682,  1031.4241,  1025.6821,  1005.6324],
 [ 983.4357,  1006.6162,  1009.4750,  1007.4841,  1018.0136,  1005.4154,  997.8723,  995.6091,  1009.9811,  1014.4481,  986.6004,  1004.0784,  1002.2792,  1024.2361,  998.5929,  1011.1509,  1017.2122,  1012.7836,  1000.0424,  1017.7562,  994.7292,  1011.5233,  1012.0798,  1011.2827,  1011.8342,  1004.2147,  1013.3773,  1020.5145,  1000.4268,  1006.5121,  1009.4382,  1000.5511],
 [ 1013.5121,  1020.2702,  1038.3049,  1036.0740,  1038.4707,  1028.1782,  1017.2002,  1011.1853,  1021.4264,  1036.8409,  999.5073,  1020.1954,  1027.5223,  1027.9731,  1020.6500,  1032.2916,  1037.4048,  1026.0785,  1018.9739,  1024.9453,  1022.9794,  1034.6825,  1027.7073,  1029.1989,  1024.0713,  1016.4124,  1033.0822,  1033.6246,  1026.8269,  1026.0238,  1038.7761,  1016.0253],
 [ 999.7029,  1008.9396,  1007.3945,  1013.6980,  1007.7875,  1007.0621,  1002.6232,  1001.6874,  1006.2137,  1029.8237,  980.8885,  1003.3115,  1008.7584,  1016.2982,  986.9943,  1001.1965,  1014.4055,  1004.9459,  986.9875,  1014.2224,  1004.8903,  1021.0287,  1016.1783,  1011.3572,  1012.3077,  997.7631,  1004.7904,  1031.8374,  1002.8668,  1007.5660,  1019.4716,  998.9664],
 [ 997.1683,  1014.2114,  1017.3038,  1020.6510,  1029.0850,  1017.8164,  1007.6053,  999.3740,  1011.9113,  1025.9734,  994.9541,  1002.0404,  1011.2932,  1013.9388,  1004.3151,  1018.9052,  1020.7134,  1015.0041,  1001.2867,  1022.8984,  1005.9036,  1024.5211,  1016.8281,  1020.1906,  1009.3751,  1008.5504,  1021.7443,  1025.2737,  1000.7783,  1015.0870,  1021.5823,  1010.0667],
 [ 1000.6406,  1013.4735,  1016.7164,  1012.7852,  1022.8971,  1015.9629,  990.8914,  1005.7119,  1007.6312,  1034.3440,  994.9639,  993.0722,  1010.4264,  1017.6276,  1010.2144,  1014.6846,  1029.7094,  1007.1396,  1005.6877,  1014.4161,  1009.8609,  1028.5784,  1022.3552,  1010.1552,  1017.8845,  1013.3599,  1016.2979,  1036.1310,  1010.6580,  1011.0379,  1010.3019,  1011.5021],
 [ 999.9940,  1015.2151,  1027.3503,  1017.3677,  1031.1957,  1019.3096,  1011.3179,  1012.5739,  1026.4695,  1035.4773,  996.9205,  1010.7358,  1021.2988,  1020.0148,  1008.2445,  1019.2983,  1026.4320,  1027.8507,  1014.9866,  1030.9844,  1013.9382,  1030.1790,  1031.7216,  1023.7816,  1031.6761,  1010.9682,  1019.9824,  1030.1331,  1022.4543,  1024.3877,  1025.5791,  1011.3366],
 [ 990.5770,  1014.8250,  1010.5229,  1011.5482,  1016.1031,  1011.2947,  998.1931,  1005.3210,  1013.1152,  1025.6626,  993.7390,  1010.0220,  1006.6208,  1026.0905,  1007.6945,  1007.1453,  1028.0907,  1019.0692,  1002.0634,  1017.8337,  1001.6951,  1016.3264,  1023.2048,  1020.0540,  996.2523,  1010.1750,  1016.9678,  1022.9279,  1009.8280,  1009.6466,  1020.0800,  1008.4392],
 [ 1006.8418,  1025.4952,  1032.6326,  1037.0699,  1030.2632,  1019.5324,  1010.0759,  1008.1292,  1030.6595,  1047.1157,  1005.7084,  1009.2800,  1021.7164,  1035.8335,  1012.7448,  1029.1750,  1035.9592,  1032.0929,  1013.4791,  1038.8513,  1014.9084,  1027.8662,  1035.9426,  1016.8892,  1023.7056,  1013.4491,  1042.7683,  1041.0042,  1016.1296,  1027.5110,  1027.8413,  1017.8798],
 [ 992.9120,  1010.0053,  1009.6909,  1012.9915,  1008.9940,  1018.8278,  998.8203,  999.0596,  1001.6865,  1017.0636,  973.9589,  997.0978,  997.9312,  1017.1746,  987.0436,  1003.2286,  1015.5547,  1000.5859,  986.5076,  1013.8039,  997.8553,  1011.2518,  1015.6041,  1011.9975,  1003.3571,  1005.0450,  1008.6992,  1019.0125,  993.8106,  1014.7242,  1014.5222,  996.4613],
 [ 1004.5013,  1024.0637,  1038.9058,  1039.5764,  1038.8677,  1032.6188,  1008.7735,  1022.3107,  1033.2787,  1046.8344,  1016.7941,  1024.5576,  1027.1752,  1041.5682,  1024.2112,  1027.5076,  1033.8021,  1023.8284,  1011.1693,  1032.1849,  1016.1313,  1034.1610,  1044.3287,  1037.8027,  1023.5618,  1029.1188,  1032.1143,  1042.9180,  1022.8623,  1026.2802,  1036.9052,  1023.3253],
 [ 995.1445,  1027.3633,  1023.1417,  1023.7155,  1034.3848,  1017.8442,  1014.0953,  1019.0189,  1029.7788,  1048.4388,  998.5886,  1012.1895,  1023.3129,  1025.4866,  1025.5970,  1010.6664,  1037.2188,  1028.9739,  1019.4167,  1040.7014,  1022.2806,  1025.3132,  1035.2811,  1030.7395,  1019.9929,  1018.2253,  1031.0748,  1030.9653,  1015.2332,  1021.3450,  1041.4225,  1010.4490],
 [ 1018.3072,  1036.4167,  1026.3271,  1032.4813,  1043.8962,  1023.9701,  1005.2775,  1020.5521,  1036.0514,  1051.4552,  1005.2860,  1022.1189,  1025.9902,  1041.7031,  1018.0494,  1026.3530,  1036.4927,  1029.7803,  1020.3231,  1037.1471,  1020.1797,  1034.1472,  1045.5226,  1031.0867,  1027.9156,  1020.8971,  1038.3630,  1041.6267,  1024.8617,  1030.5786,  1051.5753,  1019.3282],
 [ 1017.5045,  1042.5707,  1037.4043,  1036.5548,  1040.0785,  1039.5566,  1029.5967,  1029.6973,  1041.2776,  1043.6858,  1019.9874,  1029.1499,  1035.8022,  1037.5903,  1038.2192,  1029.9506,  1042.9387,  1028.0062,  1021.6481,  1036.9716,  1030.3695,  1043.2894,  1044.0916,  1030.7987,  1031.3088,  1027.3031,  1036.8187,  1051.0811,  1039.7821,  1024.9521,  1049.3571,  1012.7491],
 [ 999.0234,  1017.2572,  1019.4995,  1025.7559,  1018.1586,  1011.2807,  997.2495,  1007.7210,  1011.2266,  1032.2405,  990.7253,  1006.3135,  1000.8349,  1020.5508,  1010.7384,  1012.5768,  1029.9590,  1011.2414,  999.8352,  1025.9866,  1012.9321,  1023.1630,  1024.4996,  1018.9841,  1024.4221,  1005.6466,  1011.4332,  1027.0040,  1008.7302,  1018.7519,  1023.2674,  1012.1041],
 [ 1022.9235,  1022.1769,  1034.6643,  1019.0156,  1031.6423,  1024.7937,  1011.7056,  1015.4367,  1016.3437,  1035.2209,  1004.5750,  1018.2331,  1022.2537,  1035.2426,  1015.0070,  1034.1248,  1035.7314,  1029.9476,  1021.0162,  1031.2141,  1016.8069,  1034.4110,  1037.2957,  1033.3239,  1025.1244,  1019.1302,  1031.7664,  1038.1532,  1016.5699,  1019.6140,  1031.3239,  1021.2617],
 [ 996.9103,  1013.9516,  1022.1536,  1015.4627,  1021.1406,  1016.5560,  998.0485,  995.2170,  1021.4941,  1041.2773,  996.9854,  996.0829,  1003.8185,  1020.4363,  1002.3265,  1011.3337,  1027.9081,  1020.3077,  1006.7258,  1021.9946,  1006.2852,  1016.8311,  1025.8793,  1017.3138,  1013.3603,  1001.7990,  1017.6579,  1033.1041,  1008.2584,  1012.1575,  1018.1345,  1002.7251],
 [ 1009.5956,  1036.6614,  1029.8666,  1032.1891,  1037.5706,  1026.3572,  1016.0966,  1021.8105,  1035.6073,  1052.2941,  1008.5812,  1020.9166,  1025.2484,  1030.7393,  1021.4735,  1020.0235,  1043.3445,  1015.3144,  1016.1362,  1033.2616,  1014.9269,  1038.4849,  1037.9568,  1041.7582,  1026.3862,  1024.3972,  1033.4089,  1033.3376,  1031.0325,  1026.3259,  1035.4819,  1011.6671],
 [ 1009.3984,  1023.4797,  1024.2253,  1032.6416,  1036.0203,  1023.0405,  1020.6869,  1011.0837,  1021.0997,  1050.7185,  999.3959,  1012.9199,  1010.4702,  1037.1001,  1012.8564,  1021.0378,  1039.9404,  1022.4791,  1017.9216,  1040.2025,  1020.2917,  1034.8577,  1038.7764,  1028.8560,  1024.1941,  1015.3069,  1030.8142,  1036.9386,  1027.5342,  1032.4407,  1035.7556,  1004.9059]]

 ================ C_computed ============= 
[[ 1022.8468,  1040.3435,  1043.5713,  1042.1769,  1061.6718,  1051.8193,  1024.9865,  1026.4132,  1046.4282,  1065.3232,  1017.3470,  1034.8988,  1027.7484,  1042.2875,  1027.3850,  1038.7201,  1055.1453,  1035.0756,  1027.8080,  1050.2341,  1029.8729,  1053.5657,  1047.8656,  1038.2878,  1037.5366,  1034.7026,  1048.2671,  1047.9261,  1048.7672,  1036.4729,  1053.1775,  1024.8580],
 [ 1004.0540,  1029.9924,  1034.3678,  1034.5508,  1033.7358,  1026.9651,  1012.5860,  1011.8551,  1030.8196,  1045.2340,  1003.8367,  1020.9647,  1030.1727,  1039.8556,  1026.1705,  1027.0701,  1035.4362,  1023.5419,  1022.8990,  1034.6421,  1029.0875,  1028.5248,  1025.5393,  1029.0302,  1025.4570,  1021.1597,  1036.5497,  1038.7076,  1022.5572,  1038.6293,  1034.4584,  1021.0909],
 [ 1012.7216,  1021.1854,  1021.6448,  1025.0117,  1022.6426,  1015.4227,  1010.3969,  1010.8430,  1024.6292,  1033.2549,  995.8984,  1019.3583,  1009.8453,  1026.0649,  1009.3077,  1017.0215,  1026.2120,  1023.2005,  1017.3759,  1027.1250,  1013.7683,  1026.1195,  1032.9440,  1019.3205,  1020.6801,  1013.0385,  1015.2114,  1029.3618,  1020.4650,  1026.1102,  1026.8507,  1005.3717],
 [ 996.7772,  1023.4688,  1025.6588,  1023.6405,  1025.4445,  1012.5966,  1014.6061,  1004.1966,  1013.6395,  1035.1898,  1000.1102,  1010.7932,  1013.1595,  1024.3010,  1015.1791,  1026.4941,  1030.3853,  1015.3090,  1016.2055,  1023.9775,  1006.3108,  1021.2755,  1030.1737,  1020.1191,  1019.7889,  1019.1636,  1020.4868,  1023.0820,  1021.9890,  1022.6884,  1027.3334,  1008.2759],
 [ 984.6830,  1012.3273,  1014.2565,  1013.5055,  1015.6295,  1012.3013,  1002.5774,  1007.0868,  1005.2108,  1020.6500,  978.4816,  986.2134,  1001.6166,  1017.0537,  993.8165,  1007.3187,  1012.7663,  1015.5649,  997.4911,  1021.2451,  990.2270,  1019.2768,  1012.7584,  1016.2115,  1004.1382,  1001.9390,  1007.1223,  1026.3240,  998.5510,  1005.9263,  1011.2772,  1002.9686],
 [ 1015.5966,  1023.0788,  1041.8680,  1031.7289,  1038.6471,  1033.0531,  1023.2490,  1022.8337,  1037.7574,  1052.3883,  1006.0912,  1025.3881,  1037.4178,  1044.4224,  1019.4957,  1019.2507,  1036.6403,  1032.0706,  1025.0864,  1043.8990,  1024.5952,  1041.7590,  1029.1586,  1027.0166,  1017.0518,  1025.4984,  1028.0864,  1043.2048,  1031.4828,  1021.6304,  1048.9669,  1027.6377],
 [ 992.6973,  1007.1600,  1016.9337,  1008.1053,  1014.6779,  1003.2683,  1003.8052,  995.2551,  1010.2120,  1025.4983,  983.7192,  1001.8073,  1003.2846,  1019.7648,  996.1808,  1012.8292,  1021.6033,  1003.0481,  1009.6122,  1016.4402,  1009.2194,  1023.6503,  1020.1660,  1008.8101,  1020.3371,  1015.4035,  1021.7856,  1027.9711,  999.1829,  1010.9119,  1020.0233,  1012.0715],
 [ 1009.1306,  1026.7053,  1031.1035,  1032.6079,  1038.7615,  1030.2247,  1016.3477,  1017.3386,  1033.9475,  1050.1075,  1001.1938,  1019.8604,  1030.1368,  1037.4000,  1012.9946,  1023.3438,  1028.2705,  1027.7609,  1022.1147,  1037.2190,  1021.2332,  1042.1299,  1039.0831,  1033.7892,  1032.9327,  1025.5607,  1036.9108,  1051.7965,  1030.9009,  1042.8826,  1037.3110,  1022.3422],
 [ 1004.9597,  1035.5566,  1028.1216,  1034.8270,  1043.0067,  1029.9768,  1013.6655,  1017.7219,  1016.7198,  1048.3112,  1003.7837,  1032.7061,  1024.0820,  1037.7311,  1023.8671,  1025.5763,  1034.5747,  1032.5323,  1025.0835,  1036.5308,  1024.7451,  1034.8452,  1033.6978,  1030.8669,  1016.1766,  1029.2460,  1030.6438,  1042.0543,  1029.1174,  1021.7073,  1046.0519,  1018.2247],
 [ 1011.5190,  1016.0671,  1030.5802,  1029.3600,  1027.6617,  1032.8180,  1014.4075,  1012.3690,  1024.0989,  1028.5083,  1011.6581,  1000.5144,  1022.6913,  1021.5036,  1005.9926,  1018.3260,  1030.0032,  1018.0945,  1019.1342,  1027.6599,  1011.4387,  1033.4189,  1028.8959,  1022.1243,  1013.2913,  1017.0161,  1021.9564,  1035.5598,  1017.2254,  1016.2751,  1037.4454,  1011.5862],
 [ 998.8709,  1019.1567,  1024.7043,  1030.2141,  1027.5089,  1027.3853,  1007.8461,  1012.9409,  1018.8440,  1047.5626,  1008.1618,  1018.0888,  1019.3422,  1036.6775,  1005.0018,  1012.5003,  1032.8765,  1025.4540,  1015.7717,  1024.5149,  1015.8797,  1021.9390,  1031.1947,  1018.8150,  1017.1608,  1006.8685,  1026.1523,  1037.5416,  1015.4923,  1024.4730,  1028.8457,  996.9233],
 [ 1006.3036,  1025.0126,  1034.8782,  1031.3676,  1042.0369,  1028.2402,  1012.4167,  1021.8936,  1031.1520,  1042.8528,  1004.4549,  1019.4780,  1023.8029,  1044.5199,  1015.9674,  1027.5126,  1037.7078,  1027.1760,  1032.8364,  1029.8945,  1029.4309,  1027.1206,  1033.4982,  1024.7729,  1019.4758,  1035.0184,  1034.8339,  1046.9641,  1018.4282,  1028.3790,  1048.7324,  1015.5959],
 [ 996.2552,  1024.1217,  1024.8295,  1019.5681,  1017.6984,  1020.8602,  1011.5102,  1020.1056,  1023.6774,  1037.0085,  1004.4351,  1005.3488,  1019.4575,  1028.9113,  1009.2441,  1019.1156,  1031.6865,  1021.9453,  1016.1147,  1019.5856,  1020.9256,  1024.8870,  1025.6803,  1027.0221,  1016.6540,  1024.7448,  1027.3695,  1019.1696,  1020.0416,  1021.9930,  1045.4229,  1011.5502],
 [ 979.3251,  1014.1066,  1004.7375,  1016.0222,  1016.7516,  1008.8074,  1006.6949,  1000.4044,  1007.1913,  1032.8506,  982.5241,  1003.4221,  1001.5297,  1023.6981,  990.7542,  1018.0006,  1015.9139,  1008.5344,  999.1243,  1017.3896,  1011.8832,  1019.6465,  1014.9149,  1006.4000,  1010.4788,  1009.0153,  1012.3337,  1024.8865,  1007.8598,  1017.6729,  1025.3628,  1004.9058],
 [ 1014.6870,  1027.9236,  1026.1790,  1031.0626,  1036.7994,  1025.1938,  1015.4265,  1015.9149,  1018.1208,  1032.5011,  1002.8235,  1015.0157,  1024.7871,  1047.9326,  1009.4498,  1027.9218,  1036.6436,  1026.5135,  1014.2451,  1028.8910,  1007.4944,  1032.8435,  1038.3922,  1022.7344,  1022.7244,  1015.7808,  1033.9083,  1032.5458,  1020.1717,  1027.6714,  1044.5942,  1021.1859],
 [ 1012.2009,  1012.4866,  1023.4702,  1026.0687,  1036.7179,  1017.0566,  1007.5904,  1002.2803,  1034.2921,  1045.6083,  998.0212,  1017.9583,  1017.1771,  1028.6981,  1010.4177,  1027.0081,  1038.4509,  1033.4315,  1021.6413,  1025.6840,  1007.1816,  1034.3889,  1033.5649,  1019.2696,  1023.0201,  1020.9064,  1027.5088,  1033.9048,  1023.3326,  1030.0359,  1033.9294,  1023.6036],
 [ 1020.5359,  1036.6487,  1041.5321,  1040.8363,  1044.2953,  1033.4711,  1019.8262,  1022.5054,  1021.2081,  1050.8638,  1009.9963,  1031.0653,  1031.2925,  1047.0710,  1022.5772,  1039.4158,  1046.9994,  1029.4572,  1030.2512,  1041.5012,  1036.7931,  1051.7900,  1056.2584,  1041.0452,  1032.0723,  1037.8215,  1033.9890,  1056.0966,  1038.3167,  1037.7466,  1045.6008,  1021.6187],
 [ 1009.8218,  1008.8564,  1027.2789,  1024.0037,  1019.7353,  1022.1529,  1006.8608,  1009.4177,  1009.1661,  1032.9816,  991.0368,  1003.7080,  1007.4321,  1026.3356,  999.5594,  1023.7926,  1029.5265,  1018.0172,  1005.3937,  1025.3356,  1013.3669,  1034.3126,  1033.7706,  1020.0869,  1015.1990,  1005.2106,  1026.2246,  1028.8961,  1008.9066,  1017.5005,  1013.1946,  1001.9214],
 [ 1002.7297,  1011.9346,  1010.4398,  1023.2740,  1021.0296,  1024.7347,  1003.2732,  1007.5091,  1007.3216,  1030.2994,  992.6584,  1009.2157,  1001.7970,  1025.1470,  1008.8668,  1007.7318,  1034.2423,  1009.0322,  1008.3658,  1021.6625,  1013.4283,  1027.0442,  1023.1537,  1019.5132,  1013.3436,  1003.8301,  1021.8320,  1020.9267,  1018.2163,  1028.2451,  1012.7344,  1011.5331],
 [ 1010.8286,  1032.7900,  1032.8969,  1023.3299,  1021.3377,  1023.4875,  1016.7945,  1013.5845,  1030.1742,  1040.8457,  998.2631,  1018.4169,  1027.8447,  1028.7667,  1011.3759,  1027.8816,  1033.8689,  1018.4525,  1023.5213,  1033.8326,  1019.1354,  1025.4049,  1026.4176,  1026.0504,  1020.3798,  1026.3173,  1028.2743,  1030.8741,  1014.6783,  1031.1222,  1032.1317,  1012.5369],
 [ 1006.4597,  1016.7010,  1020.7274,  1022.4361,  1017.1611,  1021.9074,  1014.6516,  1007.7900,  1022.7585,  1047.7205,  994.1913,  1016.1614,  1008.6200,  1028.9446,  1019.2298,  1022.9182,  1025.7338,  1025.9141,  1013.0115,  1030.9413,  1015.4828,  1027.0106,  1026.3586,  1011.7130,  1017.1917,  1014.3277,  1028.5990,  1035.2404,  1014.1411,  1026.7430,  1036.8694,  1013.9283],
 [ 1024.7679,  1030.1772,  1047.5776,  1056.2972,  1043.4117,  1040.1636,  1024.5275,  1032.2601,  1040.5157,  1056.1339,  1017.2722,  1022.6553,  1034.4647,  1055.9692,  1018.6140,  1040.5691,  1052.8667,  1043.5872,  1030.1313,  1054.3190,  1028.1041,  1048.4390,  1052.5243,  1044.0576,  1039.1566,  1031.6812,  1040.6985,  1052.5645,  1033.1306,  1042.2499,  1051.3175,  1028.0325],
 [ 1005.8809,  1027.8802,  1033.7775,  1029.4250,  1036.0576,  1030.1227,  1011.9955,  1018.1765,  1022.9873,  1047.1198,  1005.6718,  1015.3844,  1011.0688,  1033.4346,  1022.2761,  1026.4735,  1034.3904,  1028.6743,  1012.9184,  1041.4468,  1007.2987,  1037.3606,  1038.6268,  1018.3496,  1019.7484,  1021.6746,  1032.4580,  1034.2883,  1025.9969,  1028.7375,  1046.6453,  1018.2460],
 [ 999.6851,  1010.0647,  1028.3899,  1021.0959,  1018.3907,  1016.8038,  1005.1359,  1010.6199,  1009.0766,  1038.1006,  1005.2405,  1006.2733,  1010.5436,  1021.7280,  1008.4527,  1022.4123,  1030.2631,  1023.8610,  997.0605,  1022.0767,  1014.0571,  1021.5373,  1035.5435,  1025.0177,  1024.9132,  1017.3317,  1018.9012,  1026.0009,  1014.9846,  1027.5634,  1025.9688,  998.9722],
 [ 1001.3473,  1015.1654,  1028.5167,  1020.5068,  1027.8236,  1026.8479,  1015.6707,  1015.2437,  1021.7100,  1034.3862,  1004.2932,  1018.9802,  1012.1409,  1040.4642,  1012.5761,  1033.4343,  1046.7140,  1009.6664,  1012.6533,  1036.3093,  1024.2518,  1022.5693,  1027.9186,  1017.0234,  1025.5311,  1019.1436,  1031.1971,  1025.7559,  1016.5295,  1027.1134,  1024.8721,  1014.8361],
 [ 1000.3952,  1024.7477,  1033.8301,  1031.8240,  1053.9548,  1023.8658,  1027.8502,  1023.5392,  1037.6854,  1036.3798,  1002.8986,  1017.1431,  1028.6196,  1033.7566,  1021.7419,  1030.4163,  1040.0613,  1026.0310,  1019.8785,  1038.1782,  1018.4211,  1037.0906,  1039.9155,  1032.2394,  1027.2174,  1029.7627,  1037.2162,  1049.4143,  1026.1251,  1025.9633,  1038.2271,  1022.7100],
 [ 1026.3372,  1033.2692,  1045.1846,  1043.7195,  1047.6304,  1033.7681,  1026.6189,  1032.5300,  1029.5145,  1048.0044,  1013.7562,  1031.5156,  1023.5073,  1046.6754,  1024.3865,  1037.2371,  1054.3655,  1036.9669,  1034.0010,  1046.1449,  1027.3915,  1041.8207,  1045.7926,  1040.1755,  1036.3422,  1032.0854,  1040.5933,  1042.8824,  1028.8304,  1040.0386,  1038.1573,  1035.4442],
 [ 1015.2652,  1035.4435,  1044.5049,  1034.9413,  1035.3090,  1029.3474,  1011.6144,  1022.4941,  1030.7300,  1043.1605,  1008.2929,  1024.8729,  1030.2830,  1038.5869,  1023.6507,  1034.2063,  1037.5640,  1024.0725,  1014.3981,  1038.9883,  1025.7394,  1042.2402,  1049.1859,  1030.8888,  1033.7233,  1017.9226,  1038.6724,  1038.8906,  1027.2607,  1036.9615,  1025.7489,  1019.7769],
 [ 1006.5926,  1020.8602,  1038.8184,  1032.4678,  1033.5709,  1030.7960,  1009.0181,  1020.7060,  1025.4214,  1059.9594,  1012.7720,  1019.5547,  1015.2587,  1032.2946,  1014.3354,  1025.5964,  1043.3120,  1025.9043,  1021.7592,  1035.3610,  1024.5665,  1023.6965,  1030.5947,  1031.0388,  1029.0642,  1020.3508,  1033.6123,  1034.0488,  1014.8703,  1020.2753,  1042.5764,  1031.7285],
 [ 984.0953,  1009.3795,  1006.2454,  1013.3425,  1009.3932,  1010.0511,  995.0077,  996.2123,  1002.6614,  1029.8538,  989.2573,  995.9612,  999.8813,  1008.5571,  1002.7984,  1010.5357,  1016.4758,  1005.9153,  997.8751,  1018.8549,  994.0728,  1015.6199,  1018.1805,  1010.5671,  1012.3079,  1005.2952,  1015.2070,  1017.3511,  1005.2042,  1000.6813,  1023.8191,  993.5951],
 [ 1008.3139,  1018.0635,  1031.7955,  1036.0306,  1031.2455,  1028.8756,  1014.6705,  1013.3575,  1025.4596,  1030.7726,  1002.6357,  1021.2612,  1021.8078,  1026.0665,  1014.9995,  1025.9696,  1035.6682,  1023.4571,  1026.9606,  1035.3821,  1015.5810,  1035.6686,  1029.9025,  1036.1921,  1020.2007,  1021.8044,  1035.0466,  1042.2142,  1030.9928,  1028.7043,  1036.5128,  1013.7122],
 [ 1002.7782,  1031.9661,  1031.0626,  1024.0226,  1036.3206,  1024.2430,  1021.9505,  1021.2345,  1036.9434,  1042.4167,  1008.4564,  1013.0892,  1031.0820,  1032.6531,  1002.3463,  1019.6392,  1036.4238,  1022.0808,  1004.5567,  1032.2340,  1016.8592,  1021.2197,  1042.2306,  1018.2881,  1014.4066,  1018.6986,  1022.5729,  1036.7629,  1015.3453,  1031.7191,  1036.7642,  1018.2481],
 [ 1024.5432,  1030.8947,  1042.0321,  1029.1464,  1057.3046,  1038.0673,  1022.9975,  1033.7173,  1035.4294,  1044.5085,  1010.9737,  1026.8191,  1030.4401,  1046.3042,  1027.0405,  1038.1141,  1045.4771,  1036.0146,  1027.1318,  1033.7299,  1030.2833,  1048.5009,  1042.2734,  1032.1425,  1035.4403,  1021.1381,  1027.7827,  1051.0480,  1028.4220,  1030.9474,  1048.2631,  1029.8976],
 [ 1006.9344,  1026.7657,  1020.3745,  1040.3669,  1027.5876,  1017.4232,  1007.2805,  1012.0410,  1019.0172,  1034.9515,  994.7914,  1012.4766,  1008.9666,  1025.7849,  1003.0612,  1021.8453,  1028.8134,  1023.4797,  1002.4902,  1036.3776,  1011.2055,  1025.2719,  1035.2509,  1003.9068,  1008.5623,  1020.0717,  1030.6792,  1038.1168,  1025.7042,  1021.1595,  1039.2074,  1009.4455],
 [ 1003.2857,  1019.4092,  1025.1926,  1027.4611,  1027.2600,  1029.8970,  1006.8904,  1009.5437,  1014.3667,  1033.9625,  993.6923,  1012.0110,  1009.8152,  1026.4417,  1002.4219,  1019.2365,  1037.1373,  1019.0797,  1011.2916,  1027.0665,  1002.1182,  1033.8134,  1025.7168,  1012.6568,  1019.3151,  1019.2508,  1016.9369,  1031.3784,  1017.4172,  1029.6249,  1037.2042,  1014.3848],
 [ 1016.8790,  1029.8127,  1038.5220,  1044.6116,  1045.2916,  1037.4923,  1030.2024,  1018.7065,  1039.0035,  1062.4011,  1014.4790,  1029.6721,  1031.3014,  1045.1743,  1025.3998,  1036.8777,  1043.5004,  1035.3025,  1022.3199,  1045.5205,  1030.0305,  1039.3909,  1054.4397,  1041.6238,  1047.4510,  1037.4017,  1046.6956,  1056.3682,  1033.8866,  1040.0242,  1045.4269,  1029.9344],
 [ 1013.2935,  1019.1386,  1031.1260,  1037.4506,  1037.9209,  1028.1699,  1014.6265,  1021.1965,  1026.3616,  1053.3560,  1012.9814,  1010.1630,  1025.4473,  1033.7716,  1031.0752,  1025.9205,  1035.2389,  1027.8748,  1019.0147,  1043.0406,  1031.1263,  1026.3289,  1038.1162,  1040.6774,  1029.8462,  1020.8484,  1030.6285,  1039.3232,  1019.2339,  1028.3900,  1025.5005,  1023.2875],
 [ 999.1449,  1015.5023,  1020.5864,  1021.1495,  1026.5546,  1018.9377,  1002.5707,  1017.9335,  1018.3069,  1041.7780,  1000.1154,  1004.8832,  1012.5293,  1026.8633,  1007.9119,  1017.5084,  1031.5750,  1018.3045,  1013.6848,  1031.0214,  1011.1347,  1023.2461,  1025.2617,  1012.9286,  1012.3730,  1014.2546,  1016.0386,  1023.1397,  1012.1095,  1018.9336,  1022.7495,  1015.7917],
 [ 1029.7576,  1037.3265,  1050.5690,  1042.3417,  1049.8160,  1034.9963,  1023.9813,  1022.0649,  1041.2458,  1048.6411,  1008.5877,  1033.6808,  1031.5553,  1044.6155,  1023.3459,  1029.3019,  1059.2180,  1032.4277,  1023.3364,  1046.0448,  1030.7629,  1040.4471,  1043.3737,  1041.9724,  1035.0583,  1034.1716,  1033.0371,  1048.0277,  1031.2990,  1046.4727,  1044.7277,  1030.7241],
 [ 1008.2139,  1030.4525,  1023.5364,  1023.4286,  1028.3894,  1031.2314,  1012.2484,  1005.5857,  1012.7585,  1035.4645,  997.4468,  1006.7594,  1021.3180,  1024.8650,  1005.1989,  1025.2048,  1032.0134,  1017.9774,  1005.3064,  1027.3127,  1018.1674,  1024.5809,  1033.6752,  1019.9257,  1013.0569,  1018.2151,  1035.5425,  1021.0201,  1018.5505,  1015.4248,  1025.0099,  1013.6110],
 [ 1014.3701,  1036.9860,  1033.8804,  1028.6318,  1048.0049,  1035.1171,  1014.8704,  1020.2765,  1029.9874,  1051.7568,  1016.1495,  1012.0217,  1024.8333,  1034.6504,  1016.8932,  1024.4506,  1039.7682,  1029.0721,  1025.9596,  1036.2859,  1018.4279,  1032.2732,  1037.0189,  1030.4034,  1026.9441,  1028.2734,  1040.9823,  1047.3334,  1026.1353,  1039.4802,  1048.2805,  1018.1486],
 [ 998.9064,  1012.6287,  1018.1577,  1021.1605,  1030.6161,  1026.3552,  1006.0052,  995.3334,  1009.9812,  1035.1083,  990.8297,  988.4945,  1002.8405,  1028.6665,  1006.3093,  1011.6140,  1024.7417,  1008.6617,  1009.7568,  1031.5637,  1004.3090,  1025.2916,  1032.2930,  1017.6309,  1010.6583,  1009.5076,  1029.5449,  1021.2438,  1016.5835,  1024.4717,  1025.4205,  1009.1208],
 [ 1007.8627,  1028.9404,  1032.9045,  1037.0094,  1034.2465,  1026.6788,  1016.4906,  1016.0663,  1020.5750,  1039.7754,  1010.9139,  1020.4113,  1020.6651,  1038.8434,  1007.5917,  1035.8351,  1037.5701,  1032.2743,  1014.8231,  1034.9705,  1023.8148,  1040.5195,  1039.3604,  1024.3574,  1026.6056,  1025.0371,  1030.2902,  1034.6149,  1015.8694,  1035.0229,  1035.7965,  1019.0768],
 [ 996.1385,  1013.4079,  1018.5477,  1018.9523,  1014.8404,  1013.3513,  1010.5465,  1009.5651,  1023.3846,  1038.9880,  987.2606,  1003.5991,  1021.3594,  1029.9697,  1009.0921,  1017.9613,  1030.9979,  1016.9414,  1009.1725,  1037.0311,  1018.5185,  1021.9758,  1021.1110,  1013.3619,  1013.6771,  1016.8333,  1023.1282,  1025.5334,  1016.6353,  1017.4302,  1029.0538,  1004.7036],
 [ 1015.7550,  1026.2446,  1041.2748,  1049.1234,  1051.1819,  1039.3370,  1027.5592,  1019.9051,  1032.1006,  1041.7229,  1015.9512,  1018.0071,  1035.3115,  1036.5717,  1035.1400,  1029.9187,  1051.5928,  1034.6694,  1028.1265,  1055.0626,  1025.6520,  1045.1710,  1047.6688,  1041.0537,  1030.4832,  1038.5995,  1035.2264,  1048.6348,  1029.2124,  1042.5894,  1046.3767,  1024.4486],
 [ 1001.1673,  1020.3233,  1022.2549,  1033.3868,  1031.0684,  1021.0579,  1000.1022,  1001.5945,  1019.9498,  1039.8936,  994.5472,  1013.7412,  1006.9062,  1024.3979,  1006.8542,  1015.0356,  1026.0468,  1032.5280,  1008.3637,  1019.4220,  1011.7233,  1035.8635,  1028.2495,  1015.2729,  1007.4505,  1016.8325,  1027.9498,  1034.1512,  1008.6888,  1031.3893,  1025.8137,  1005.7381],
 [ 983.4244,  1006.7002,  1009.5433,  1007.5286,  1018.0397,  1005.4293,  997.7880,  995.6490,  1010.0357,  1014.4706,  986.5527,  1004.0559,  1002.3936,  1024.2291,  998.6051,  1011.1555,  1017.2544,  1012.8111,  1000.0883,  1017.7460,  994.7505,  1011.5668,  1012.0498,  1011.2992,  1011.8782,  1004.2592,  1013.4245,  1020.5293,  1000.4208,  1006.5688,  1009.4761,  1000.5959],
 [ 1013.5404,  1020.2934,  1038.3484,  1036.0704,  1038.5159,  1028.1785,  1017.2532,  1011.2099,  1021.4833,  1036.9459,  999.5285,  1020.1968,  1027.5239,  1027.9684,  1020.6884,  1032.3217,  1037.3833,  1026.0925,  1019.0563,  1024.9407,  1023.0115,  1034.6846,  1027.7469,  1029.1511,  1024.0785,  1016.4524,  1033.1016,  1033.6713,  1026.8730,  1026.0004,  1038.8284,  1016.0536],
 [ 999.7546,  1009.0103,  1007.4111,  1013.7765,  1007.8032,  1007.1149,  1002.6348,  1001.6997,  1006.1990,  1029.8701,  980.9507,  1003.3284,  1008.7982,  1016.3284,  986.9936,  1001.2356,  1014.3721,  1004.9706,  986.9933,  1014.2178,  1004.9418,  1021.0428,  1016.1827,  1011.3333,  1012.3170,  997.7996,  1004.8141,  1031.8134,  1002.8762,  1007.6312,  1019.4919,  998.9955],
 [ 997.1957,  1014.2255,  1017.3940,  1020.6889,  1029.1726,  1017.8547,  1007.6249,  999.3701,  1011.9419,  1026.0359,  994.9700,  1002.0367,  1011.3309,  1013.9788,  1004.2822,  1018.9529,  1020.8126,  1015.0718,  1001.3053,  1022.9725,  1005.9548,  1024.5973,  1016.8640,  1020.1902,  1009.3544,  1008.5131,  1021.8378,  1025.3252,  1000.7701,  1015.1173,  1021.6217,  1010.1236],
 [ 1000.6562,  1013.4680,  1016.7239,  1012.7455,  1022.9027,  1016.0272,  990.8923,  1005.7470,  1007.6288,  1034.3656,  995.0193,  993.1660,  1010.4863,  1017.6713,  1010.2275,  1014.7152,  1029.7234,  1007.2215,  1005.6385,  1014.4003,  1009.9774,  1028.5756,  1022.4123,  1010.2321,  1017.9736,  1013.3785,  1016.3009,  1036.2604,  1010.6449,  1011.0073,  1010.3010,  1011.5588],
 [ 1000.0542,  1015.2480,  1027.3987,  1017.3834,  1031.2284,  1019.3809,  1011.2948,  1012.6218,  1026.5435,  1035.4600,  996.9917,  1010.7930,  1021.3688,  1020.0339,  1008.3035,  1019.3038,  1026.4572,  1027.7899,  1015.0549,  1031.0166,  1014.0308,  1030.1868,  1031.7104,  1023.8200,  1031.7202,  1010.9813,  1019.9456,  1030.1443,  1022.4648,  1024.4292,  1025.6453,  1011.4147],
 [ 990.5884,  1014.8831,  1010.5432,  1011.5755,  1016.1302,  1011.3031,  998.2529,  1005.3525,  1013.1716,  1025.7094,  993.8008,  1010.0680,  1006.6813,  1026.0704,  1007.6764,  1007.1641,  1028.0524,  1019.0922,  1002.0714,  1017.9152,  1001.7658,  1016.3474,  1023.2732,  1020.0714,  996.1981,  1010.2452,  1017.0010,  1022.9301,  1009.8464,  1009.5995,  1020.0941,  1008.4789],
 [ 1006.8756,  1025.4977,  1032.6997,  1037.1459,  1030.2935,  1019.5599,  1010.0768,  1008.1590,  1030.7172,  1047.1483,  1005.7367,  1009.2850,  1021.7690,  1035.8496,  1012.7585,  1029.2549,  1036.0172,  1032.0789,  1013.5244,  1038.8916,  1014.8757,  1027.8594,  1035.9684,  1016.8651,  1023.7410,  1013.5384,  1042.8165,  1041.0304,  1016.2017,  1027.5892,  1027.9241,  1017.9577],
 [ 992.9455,  1010.0470,  1009.7265,  1013.0357,  1009.0044,  1018.9032,  998.8208,  999.0367,  1001.6760,  1017.1013,  974.0719,  997.1283,  997.9519,  1017.1780,  987.0238,  1003.2264,  1015.5172,  1000.6538,  986.5807,  1013.7931,  997.8895,  1011.2086,  1015.6357,  1012.0356,  1003.3894,  1005.1723,  1008.6791,  1019.0294,  993.8444,  1014.7858,  1014.5449,  996.4989],
 [ 1004.5463,  1024.0918,  1038.9705,  1039.5503,  1038.8671,  1032.6326,  1008.8035,  1022.2749,  1033.3173,  1046.8953,  1016.8481,  1024.6409,  1027.2054,  1041.6190,  1024.2800,  1027.5315,  1033.8252,  1023.8753,  1011.2194,  1032.2094,  1016.1595,  1034.1572,  1044.3772,  1037.8201,  1023.5277,  1029.1523,  1032.1346,  1042.9176,  1022.7979,  1026.2491,  1036.8873,  1023.3887],
 [ 995.1981,  1027.4099,  1023.1242,  1023.6859,  1034.4448,  1017.8885,  1014.1025,  1019.0524,  1029.7792,  1048.4738,  998.6426,  1012.1528,  1023.2728,  1025.5055,  1025.6200,  1010.6939,  1037.2585,  1028.9707,  1019.5079,  1040.7031,  1022.3094,  1025.3347,  1035.3414,  1030.7550,  1020.0292,  1018.2183,  1031.0978,  1030.9913,  1015.2864,  1021.3287,  1041.4935,  1010.5432],
 [ 1018.3173,  1036.4906,  1026.3702,  1032.4817,  1043.8788,  1024.0607,  1005.3105,  1020.5309,  1036.0985,  1051.3657,  1005.2333,  1022.1754,  1026.0280,  1041.7216,  1018.0500,  1026.4155,  1036.5280,  1029.7582,  1020.3256,  1037.2062,  1020.1783,  1034.1663,  1045.5482,  1031.1670,  1027.9952,  1020.9686,  1038.4153,  1041.6599,  1024.9076,  1030.5957,  1051.6614,  1019.4325],
 [ 1017.5867,  1042.5660,  1037.4153,  1036.6224,  1040.1116,  1039.5032,  1029.6558,  1029.7139,  1041.3013,  1043.6763,  1020.0208,  1029.1753,  1035.8817,  1037.6619,  1038.2955,  1029.9640,  1042.9547,  1028.0457,  1021.6856,  1037.0137,  1030.3792,  1043.2644,  1044.1293,  1030.8945,  1031.2931,  1027.3215,  1036.8239,  1051.1417,  1039.8401,  1024.9885,  1049.4091,  1012.8051],
 [ 999.0858,  1017.2664,  1019.5389,  1025.8365,  1018.1449,  1011.2647,  997.3000,  1007.7734,  1011.2186,  1032.2631,  990.6869,  1006.3490,  1000.8153,  1020.6002,  1010.7353,  1012.6188,  1029.9631,  1011.2296,  999.8651,  1026.0590,  1012.9117,  1023.1316,  1024.5565,  1019.0161,  1024.4858,  1005.6880,  1011.4877,  1027.0334,  1008.7125,  1018.8038,  1023.3452,  1012.1215],
 [ 1022.9398,  1022.1847,  1034.6719,  1019.0182,  1031.6683,  1024.8407,  1011.7111,  1015.4180,  1016.3679,  1035.2272,  1004.6318,  1018.2425,  1022.2806,  1035.2802,  1014.9977,  1034.1119,  1035.7664,  1029.9045,  1021.0400,  1031.2285,  1016.8363,  1034.3875,  1037.2971,  1033.3623,  1025.1731,  1019.1176,  1031.7303,  1038.1337,  1016.5541,  1019.6333,  1031.3956,  1021.3029],
 [ 997.0068,  1013.9528,  1022.2231,  1015.5027,  1021.1640,  1016.5883,  998.0894,  995.2388,  1021.5760,  1041.2699,  997.0240,  996.1047,  1003.7995,  1020.4182,  1002.3378,  1011.4014,  1028.0275,  1020.3366,  1006.7599,  1022.0267,  1006.3381,  1016.8522,  1025.8804,  1017.3381,  1013.3907,  1001.8173,  1017.6690,  1033.1305,  1008.2910,  1012.1608,  1018.1696,  1002.7170],
 [ 1009.6104,  1036.7079,  1029.9432,  1032.2240,  1037.5558,  1026.3833,  1016.1208,  1021.7963,  1035.6754,  1052.3291,  1008.6316,  1021.0065,  1025.2211,  1030.7097,  1021.4836,  1020.0725,  1043.3828,  1015.3414,  1016.1454,  1033.2594,  1014.9625,  1038.5238,  1037.9362,  1041.7894,  1026.4409,  1024.4550,  1033.4174,  1033.3402,  1031.0876,  1026.3835,  1035.4801,  1011.6816],
 [ 1009.4827,  1023.5454,  1024.2576,  1032.7101,  1036.0394,  1023.0698,  1020.7496,  1011.0851,  1021.1317,  1050.7059,  999.4040,  1012.9598,  1010.4839,  1037.1467,  1012.8081,  1021.1021,  1039.9773,  1022.5090,  1017.9593,  1040.2502,  1020.3687,  1034.8992,  1038.7677,  1028.8989,  1024.1509,  1015.3240,  1030.8488,  1036.9225,  1027.6067,  1032.4469,  1035.7616,  1004.8914]]

=========================================
Warmup iters   : 20
Benchmark iters: 200
Average kernel time: 0.046961 ms
=========================================

Problem size: M=64 N=32 K=4096
Total FLOPs per launch: 16777216
Throughput: 357.26 GFLOP/s
Shared memory per block: 25600 bytes (25.00 KB)
