Max error: 0.000002
 
 ================= C_actual ============ 
[[ 6.3808,  7.3515,  6.3526,  6.1033,  6.4069,  6.6816,  8.1106,  6.9814,  5.4962,  6.3515,  5.8485,  6.6054,  8.1942,  7.6397,  6.1407,  6.3434],
 [ 5.4169,  6.6807,  6.7163,  6.7716,  6.4563,  6.2818,  7.2540,  6.0460,  5.4510,  6.7831,  6.8756,  6.9315,  7.2528,  6.5616,  6.4361,  5.9878],
 [ 7.5747,  8.7222,  8.3574,  6.8602,  6.9863,  7.2062,  9.3849,  6.8712,  7.4874,  7.5398,  7.5251,  8.6527,  8.3555,  8.4745,  6.6992,  7.4127],
 [ 7.2269,  9.5395,  8.0394,  7.6820,  7.4329,  7.9541,  9.5819,  8.2511,  7.3083,  7.6975,  8.2772,  9.1808,  9.3221,  8.4378,  7.4306,  7.4771],
 [ 7.8561,  9.0446,  8.5145,  7.9670,  8.2891,  8.2681,  9.3591,  8.1298,  6.9473,  8.2003,  8.5431,  8.8742,  9.6579,  8.8111,  6.5696,  8.3143],
 [ 8.4148,  8.3193,  7.8270,  8.4681,  8.2338,  9.0757,  8.8703,  8.3158,  7.0488,  7.3151,  8.0537,  9.6062,  9.3733,  8.1799,  8.1650,  7.7594],
 [ 8.6928,  8.6775,  8.7999,  8.6048,  8.1620,  7.9519,  9.9006,  8.6139,  7.6766,  7.8596,  9.5571,  9.6071,  8.9173,  8.9784,  7.5998,  8.5127],
 [ 6.3055,  7.6072,  6.5604,  6.4671,  6.1490,  7.4006,  7.5214,  7.0576,  5.7614,  5.8421,  6.4869,  7.4010,  7.1795,  6.3362,  6.8538,  6.3461],
 [ 6.3165,  7.9693,  6.5956,  6.0722,  6.3845,  6.7462,  8.3051,  6.6452,  6.8629,  6.5170,  6.1664,  7.3176,  7.1639,  7.9114,  5.7006,  5.7388],
 [ 7.2211,  7.2306,  7.1642,  6.8481,  8.2022,  7.8497,  8.9805,  8.3164,  6.3606,  6.8128,  7.7400,  7.5558,  8.2253,  8.5796,  6.8262,  7.0797],
 [ 7.6034,  9.4817,  8.2314,  8.3545,  7.4641,  7.8257,  9.5367,  7.9758,  6.3012,  8.0463,  8.6906,  8.6315,  8.9857,  9.1212,  8.0083,  7.5409],
 [ 7.7354,  9.6342,  8.5389,  7.9443,  8.7748,  8.2450,  10.4833,  8.9953,  6.3715,  8.5763,  9.4169,  9.1425,  9.9786,  9.3616,  8.1956,  8.4494],
 [ 8.1161,  10.0592,  9.2965,  7.0535,  8.8597,  8.6312,  10.0478,  8.7715,  6.9345,  8.6372,  8.5995,  9.9286,  9.8640,  9.3418,  7.6199,  7.7918],
 [ 6.8910,  8.2836,  7.7315,  7.1587,  6.4907,  7.4953,  9.0047,  8.1265,  6.2604,  7.4684,  7.1800,  7.6121,  8.5567,  7.7025,  7.2495,  6.5233],
 [ 7.3046,  8.8935,  8.2950,  7.9270,  7.4978,  8.0746,  9.8291,  7.3084,  7.7786,  7.1927,  8.3612,  8.0341,  8.8413,  9.4316,  6.9964,  7.3295],
 [ 8.4645,  7.6441,  7.3091,  7.3894,  7.3468,  7.4982,  8.4873,  7.5825,  7.3667,  6.6916,  7.5026,  8.4021,  7.9616,  8.3326,  6.5331,  6.1882],
 [ 7.3254,  7.8951,  7.0277,  7.3418,  6.6222,  7.4511,  7.8093,  6.6063,  6.4555,  7.0314,  7.8093,  7.5455,  8.7576,  7.3919,  6.3492,  6.3758],
 [ 7.1586,  7.5302,  7.9182,  8.0070,  7.0691,  7.5220,  8.7477,  7.1920,  6.2208,  6.4235,  7.5605,  7.6558,  8.3292,  7.8765,  6.3202,  6.5017],
 [ 6.6354,  7.6783,  6.0641,  6.4994,  6.7409,  6.9812,  8.2536,  6.4144,  6.1725,  5.6834,  6.8574,  7.9992,  7.9871,  7.6665,  6.0572,  6.1251],
 [ 6.7918,  7.4188,  6.5967,  6.5541,  6.2392,  6.5289,  8.2323,  6.4131,  5.9770,  6.2293,  7.2681,  6.9787,  7.2427,  7.8352,  6.0091,  6.2276],
 [ 8.8936,  8.7289,  8.7186,  7.5834,  7.7901,  8.9258,  9.6400,  8.5643,  7.5879,  8.5809,  7.9369,  9.3724,  9.7863,  8.4866,  7.4491,  8.3174],
 [ 6.7640,  8.4303,  8.4982,  6.7579,  7.4992,  7.4924,  8.4520,  7.2375,  5.8359,  7.6979,  8.1685,  7.7786,  8.2905,  8.2581,  6.5045,  6.4001],
 [ 8.0589,  8.8065,  8.3478,  8.0691,  8.1133,  8.5040,  10.0626,  9.0418,  7.5695,  7.7883,  8.8203,  9.2527,  9.6116,  9.5471,  7.1668,  8.1284],
 [ 8.0771,  8.2051,  8.3502,  7.8837,  8.5171,  8.6187,  9.1204,  7.6929,  6.7748,  7.5647,  8.6307,  9.3044,  9.6849,  8.2261,  7.0632,  7.6600],
 [ 7.8005,  8.9377,  8.2911,  8.9668,  7.4229,  9.0800,  9.3886,  7.4011,  7.5825,  7.9503,  8.3223,  8.4353,  8.9374,  9.0952,  7.4715,  6.6471],
 [ 6.6531,  7.1063,  6.5472,  6.5380,  6.7457,  7.4700,  7.3126,  6.0353,  5.4218,  6.6478,  6.3351,  6.5981,  7.7777,  6.5458,  6.6123,  6.5714],
 [ 7.2616,  7.0516,  6.8856,  6.3542,  7.5901,  7.0451,  7.6608,  6.4718,  6.7346,  6.9667,  6.7263,  7.9804,  7.4996,  7.2998,  6.1182,  7.4652],
 [ 7.9304,  9.2430,  8.0465,  7.8273,  8.3720,  8.2031,  9.3452,  8.6191,  6.8885,  8.2915,  8.0767,  8.6229,  9.1803,  9.0236,  7.2140,  8.1982],
 [ 7.7480,  8.1895,  7.9534,  7.7413,  8.4057,  8.3760,  8.6547,  7.4660,  6.6671,  7.9370,  7.4482,  8.3017,  8.6646,  8.6930,  7.4855,  7.5082],
 [ 7.3021,  9.8175,  8.3411,  8.5222,  7.9716,  8.7561,  8.8518,  7.6011,  6.1320,  8.6035,  8.7227,  7.8920,  8.7157,  8.6199,  8.9338,  7.5201],
 [ 7.1747,  8.7633,  8.4644,  8.0340,  7.1974,  7.7331,  9.6714,  7.7549,  6.4519,  7.4950,  8.2684,  9.2324,  8.9105,  8.1809,  8.1632,  7.1906],
 [ 6.9333,  8.0743,  8.1965,  7.0457,  8.3655,  7.9887,  9.1998,  8.6930,  5.9908,  8.2206,  8.3811,  7.2892,  8.8976,  8.0771,  7.5461,  7.6846]]

 ================ C_computed ============= 
[[ 6.3808,  7.3515,  6.3526,  6.1033,  6.4069,  6.6816,  8.1106,  6.9814,  5.4962,  6.3515,  5.8485,  6.6054,  8.1942,  7.6397,  6.1407,  6.3434],
 [ 5.4169,  6.6807,  6.7163,  6.7716,  6.4563,  6.2818,  7.2540,  6.0459,  5.4510,  6.7831,  6.8756,  6.9315,  7.2528,  6.5616,  6.4361,  5.9878],
 [ 7.5747,  8.7222,  8.3574,  6.8602,  6.9863,  7.2062,  9.3849,  6.8712,  7.4874,  7.5398,  7.5251,  8.6527,  8.3555,  8.4745,  6.6992,  7.4127],
 [ 7.2269,  9.5395,  8.0394,  7.6820,  7.4329,  7.9541,  9.5819,  8.2511,  7.3083,  7.6975,  8.2772,  9.1808,  9.3221,  8.4378,  7.4306,  7.4771],
 [ 7.8561,  9.0446,  8.5145,  7.9670,  8.2891,  8.2681,  9.3591,  8.1298,  6.9473,  8.2003,  8.5431,  8.8742,  9.6579,  8.8111,  6.5696,  8.3143],
 [ 8.4148,  8.3193,  7.8270,  8.4681,  8.2338,  9.0757,  8.8703,  8.3158,  7.0488,  7.3151,  8.0537,  9.6062,  9.3733,  8.1799,  8.1650,  7.7594],
 [ 8.6928,  8.6775,  8.7999,  8.6048,  8.1620,  7.9519,  9.9006,  8.6139,  7.6766,  7.8596,  9.5571,  9.6071,  8.9173,  8.9784,  7.5998,  8.5127],
 [ 6.3055,  7.6072,  6.5604,  6.4671,  6.1490,  7.4006,  7.5214,  7.0576,  5.7614,  5.8421,  6.4869,  7.4010,  7.1795,  6.3362,  6.8538,  6.3461],
 [ 6.3165,  7.9693,  6.5956,  6.0722,  6.3845,  6.7462,  8.3051,  6.6452,  6.8629,  6.5170,  6.1664,  7.3176,  7.1639,  7.9114,  5.7006,  5.7388],
 [ 7.2211,  7.2306,  7.1642,  6.8481,  8.2022,  7.8497,  8.9805,  8.3164,  6.3606,  6.8128,  7.7400,  7.5558,  8.2253,  8.5796,  6.8262,  7.0797],
 [ 7.6034,  9.4817,  8.2314,  8.3545,  7.4641,  7.8257,  9.5367,  7.9758,  6.3012,  8.0463,  8.6906,  8.6315,  8.9857,  9.1212,  8.0083,  7.5409],
 [ 7.7354,  9.6342,  8.5389,  7.9443,  8.7748,  8.2450,  10.4833,  8.9953,  6.3715,  8.5763,  9.4169,  9.1425,  9.9786,  9.3616,  8.1956,  8.4494],
 [ 8.1161,  10.0592,  9.2965,  7.0535,  8.8597,  8.6312,  10.0478,  8.7715,  6.9345,  8.6372,  8.5995,  9.9286,  9.8640,  9.3418,  7.6199,  7.7918],
 [ 6.8910,  8.2836,  7.7315,  7.1587,  6.4907,  7.4953,  9.0047,  8.1265,  6.2604,  7.4684,  7.1800,  7.6121,  8.5567,  7.7025,  7.2495,  6.5233],
 [ 7.3046,  8.8935,  8.2950,  7.9270,  7.4978,  8.0746,  9.8291,  7.3084,  7.7786,  7.1927,  8.3612,  8.0341,  8.8413,  9.4316,  6.9964,  7.3295],
 [ 8.4645,  7.6441,  7.3091,  7.3894,  7.3468,  7.4982,  8.4873,  7.5825,  7.3667,  6.6916,  7.5026,  8.4021,  7.9616,  8.3326,  6.5331,  6.1882],
 [ 7.3254,  7.8951,  7.0277,  7.3418,  6.6222,  7.4511,  7.8093,  6.6063,  6.4555,  7.0314,  7.8093,  7.5455,  8.7576,  7.3919,  6.3492,  6.3758],
 [ 7.1586,  7.5302,  7.9182,  8.0070,  7.0691,  7.5220,  8.7477,  7.1920,  6.2208,  6.4235,  7.5605,  7.6558,  8.3292,  7.8765,  6.3202,  6.5017],
 [ 6.6354,  7.6783,  6.0641,  6.4994,  6.7409,  6.9812,  8.2536,  6.4144,  6.1725,  5.6834,  6.8574,  7.9992,  7.9871,  7.6665,  6.0572,  6.1251],
 [ 6.7918,  7.4188,  6.5967,  6.5541,  6.2392,  6.5289,  8.2323,  6.4131,  5.9770,  6.2293,  7.2681,  6.9787,  7.2427,  7.8352,  6.0091,  6.2276],
 [ 8.8936,  8.7289,  8.7186,  7.5834,  7.7901,  8.9258,  9.6400,  8.5643,  7.5879,  8.5809,  7.9369,  9.3724,  9.7863,  8.4866,  7.4491,  8.3174],
 [ 6.7640,  8.4303,  8.4982,  6.7579,  7.4992,  7.4924,  8.4521,  7.2375,  5.8359,  7.6979,  8.1685,  7.7786,  8.2905,  8.2580,  6.5045,  6.4001],
 [ 8.0589,  8.8065,  8.3478,  8.0691,  8.1133,  8.5040,  10.0626,  9.0418,  7.5695,  7.7883,  8.8203,  9.2527,  9.6116,  9.5471,  7.1668,  8.1284],
 [ 8.0771,  8.2051,  8.3502,  7.8837,  8.5171,  8.6187,  9.1204,  7.6929,  6.7748,  7.5647,  8.6307,  9.3044,  9.6849,  8.2261,  7.0632,  7.6600],
 [ 7.8005,  8.9377,  8.2911,  8.9668,  7.4229,  9.0800,  9.3886,  7.4011,  7.5825,  7.9503,  8.3223,  8.4353,  8.9374,  9.0952,  7.4715,  6.6471],
 [ 6.6531,  7.1063,  6.5472,  6.5380,  6.7457,  7.4700,  7.3126,  6.0353,  5.4218,  6.6478,  6.3351,  6.5981,  7.7777,  6.5458,  6.6123,  6.5714],
 [ 7.2616,  7.0516,  6.8856,  6.3542,  7.5901,  7.0451,  7.6608,  6.4718,  6.7346,  6.9667,  6.7263,  7.9804,  7.4996,  7.2998,  6.1182,  7.4652],
 [ 7.9304,  9.2430,  8.0465,  7.8273,  8.3720,  8.2031,  9.3452,  8.6191,  6.8885,  8.2915,  8.0767,  8.6229,  9.1803,  9.0236,  7.2140,  8.1982],
 [ 7.7480,  8.1895,  7.9534,  7.7413,  8.4057,  8.3760,  8.6547,  7.4660,  6.6671,  7.9370,  7.4482,  8.3017,  8.6646,  8.6930,  7.4855,  7.5082],
 [ 7.3021,  9.8175,  8.3411,  8.5222,  7.9716,  8.7561,  8.8518,  7.6011,  6.1320,  8.6035,  8.7227,  7.8920,  8.7157,  8.6199,  8.9338,  7.5201],
 [ 7.1747,  8.7633,  8.4644,  8.0340,  7.1974,  7.7331,  9.6714,  7.7549,  6.4519,  7.4950,  8.2684,  9.2324,  8.9105,  8.1809,  8.1632,  7.1906],
 [ 6.9333,  8.0743,  8.1965,  7.0457,  8.3655,  7.9887,  9.1998,  8.6930,  5.9908,  8.2206,  8.3811,  7.2892,  8.8976,  8.0771,  7.5461,  7.6846]]
