Max error: 0.000053
 
 ================= C_actual ============ 
[[ 63.1426,  59.9140,  60.2652,  64.8105,  63.4701,  62.3445,  65.8733,  60.7360,  65.9389,  64.4333,  65.5018,  62.8208,  63.4849,  60.5698,  64.5119,  66.1452,  67.4878,  62.7492,  64.5872,  60.5476,  64.8164,  66.2758,  64.1558,  65.4412,  63.1868,  67.0386,  65.3547,  62.8836,  64.7707,  64.8246,  65.9380,  65.6056],
 [ 62.0261,  57.4751,  63.1867,  65.0369,  62.5341,  62.3485,  66.1911,  61.5696,  62.4898,  64.8102,  65.9974,  66.8326,  64.6343,  60.6706,  63.0666,  63.9518,  66.9563,  61.4779,  63.4032,  63.1436,  61.9621,  64.1339,  67.1990,  65.0741,  66.7474,  64.3580,  69.1332,  63.4857,  65.2913,  65.1927,  63.5002,  66.1153],
 [ 68.4150,  61.8196,  62.8918,  69.4023,  64.7493,  64.1517,  68.5384,  66.7126,  66.9132,  67.7702,  66.4488,  66.9984,  66.8634,  61.5578,  65.7693,  65.5673,  69.6545,  64.6785,  66.8888,  63.6380,  66.6837,  69.6208,  64.9871,  65.8380,  66.9395,  68.9622,  70.3873,  65.8922,  67.1966,  65.6663,  65.1588,  66.3335],
 [ 59.8040,  56.3616,  58.0501,  60.6304,  58.0177,  59.8841,  62.6059,  56.7363,  58.5393,  61.2260,  64.2567,  58.5841,  57.8707,  59.5994,  58.3615,  59.5447,  65.6904,  57.7394,  59.5974,  59.3090,  60.6130,  60.7738,  61.8149,  61.3873,  61.0209,  63.1509,  61.6974,  60.9650,  63.0989,  61.3407,  62.1576,  62.7824],
 [ 64.3843,  63.0639,  61.4184,  65.0930,  62.6906,  61.3692,  64.8414,  62.1902,  60.9780,  63.8081,  63.9126,  61.7437,  64.4480,  63.0311,  63.3811,  63.6348,  67.0250,  60.3882,  62.5735,  59.4984,  62.5454,  66.0093,  63.9911,  66.7831,  62.1764,  65.5437,  65.7767,  62.4982,  64.6115,  64.8978,  62.3997,  65.1735],
 [ 61.4501,  58.3587,  60.1130,  61.7352,  61.6157,  57.9034,  62.9854,  58.5217,  62.4031,  61.7579,  63.9408,  60.6451,  61.4157,  61.0682,  60.8605,  59.6202,  64.3514,  60.0449,  60.7502,  59.6196,  58.6117,  63.0025,  62.7318,  63.4132,  62.9083,  63.6894,  64.7222,  60.4239,  64.3115,  61.3974,  60.9466,  61.4515],
 [ 63.9507,  57.4731,  59.4199,  65.5993,  62.4949,  62.5338,  64.9361,  61.5139,  63.7831,  64.4216,  66.2522,  62.3476,  63.2232,  61.6492,  64.6163,  64.0787,  69.4604,  63.8827,  61.8732,  58.9087,  64.2471,  64.7480,  65.6135,  64.3059,  64.9352,  64.5596,  65.1857,  60.9926,  66.1541,  64.1060,  64.8320,  65.6303],
 [ 60.8478,  56.8404,  57.7753,  61.4432,  57.5418,  60.9921,  62.9573,  61.3513,  62.3934,  58.9984,  61.8501,  62.5092,  58.8119,  57.8525,  60.4918,  59.9795,  64.0856,  59.0259,  60.9119,  58.2089,  58.8415,  60.5662,  62.2777,  60.9404,  61.3012,  61.9288,  60.9003,  60.4172,  60.9023,  61.9790,  61.3764,  63.4608],
 [ 56.0262,  55.2897,  56.4108,  60.7756,  56.0115,  54.9156,  61.0609,  54.5592,  59.1937,  58.3053,  58.9876,  58.8532,  55.6538,  56.0794,  56.9023,  59.2672,  61.2146,  55.7833,  56.6787,  57.8222,  54.1151,  56.0958,  57.3066,  57.1558,  57.0082,  58.7678,  60.8365,  55.7881,  59.0675,  55.1731,  58.8504,  58.3577],
 [ 62.5978,  57.4109,  62.0712,  64.1094,  61.8054,  61.6818,  65.6321,  62.4405,  62.3554,  63.5161,  65.0028,  61.7704,  62.9633,  63.5595,  63.7735,  64.3737,  65.7053,  62.2241,  63.3450,  63.6069,  61.6736,  65.0435,  64.0700,  64.6869,  63.9201,  68.3078,  66.6301,  62.2332,  65.5839,  65.5326,  64.0141,  66.2917],
 [ 62.8026,  60.4894,  60.5684,  64.0532,  61.7386,  58.8268,  65.7413,  61.0870,  62.0906,  62.0473,  61.6692,  62.9417,  63.6615,  58.5530,  62.0566,  65.6641,  64.1072,  59.5564,  61.5812,  59.7993,  63.4272,  63.1667,  64.8139,  61.9072,  62.5954,  62.2924,  67.7378,  63.3557,  65.8654,  60.1717,  62.4953,  63.6034],
 [ 62.4998,  59.8598,  60.9732,  65.6262,  63.6672,  60.5888,  65.5782,  60.6433,  62.9516,  66.7230,  64.6036,  61.8197,  63.2641,  59.8902,  63.8663,  64.4579,  66.6832,  59.5517,  61.3397,  59.5630,  62.7640,  61.7029,  63.9581,  65.1965,  63.0589,  65.0043,  66.4149,  58.7312,  64.3076,  63.7821,  63.2656,  66.5190],
 [ 63.4403,  57.8715,  56.7556,  64.2677,  62.2420,  58.9234,  63.8056,  59.4847,  59.1365,  63.7607,  64.3348,  60.3730,  60.6215,  58.3691,  59.9659,  61.1649,  64.7326,  60.4235,  63.0198,  58.4832,  61.0422,  61.5934,  62.8423,  64.4875,  63.5208,  63.2931,  65.9675,  59.6998,  62.9044,  64.1262,  60.2717,  63.7608],
 [ 61.6257,  57.3023,  60.3907,  63.7624,  63.9800,  60.5780,  65.4496,  60.3935,  62.3060,  63.9897,  66.6139,  61.6138,  60.8320,  61.8315,  63.6863,  63.7008,  67.0276,  62.5240,  64.4160,  59.6723,  63.4076,  64.0299,  64.5122,  63.9349,  64.7290,  62.9958,  65.2335,  61.6770,  64.8149,  63.5876,  64.9698,  68.1936],
 [ 67.1736,  63.5347,  66.6975,  68.2193,  67.0436,  66.7209,  71.0124,  69.0415,  68.1054,  70.5624,  68.0876,  70.1995,  67.3760,  66.0353,  65.9101,  66.7720,  71.9058,  65.6766,  67.3921,  67.4968,  69.3530,  67.9496,  67.1891,  70.6248,  67.7524,  68.2786,  69.0758,  63.5050,  68.4059,  69.3440,  66.8598,  73.6396],
 [ 61.7257,  59.1415,  62.1879,  63.5227,  61.1432,  62.1907,  66.2759,  62.5719,  61.6536,  65.5872,  62.7430,  63.8870,  60.7843,  61.1487,  60.7224,  62.9338,  65.2706,  63.8990,  64.1871,  58.7654,  62.8016,  64.7353,  60.9837,  61.7315,  61.6115,  63.7942,  66.2509,  58.6382,  63.1360,  64.1472,  63.5988,  64.1742],
 [ 66.2949,  61.5943,  63.1703,  66.4980,  62.3576,  62.0871,  68.5930,  64.8543,  65.4459,  64.6434,  67.2305,  65.5774,  63.9978,  62.7644,  66.4421,  65.3548,  70.5161,  65.3553,  65.8013,  59.5741,  66.2380,  63.6540,  64.5893,  66.0964,  67.4237,  67.5856,  70.1082,  63.5727,  68.7537,  65.9711,  65.9387,  68.6585],
 [ 64.8723,  59.3754,  62.6904,  65.2833,  64.2928,  63.7969,  67.5725,  63.2330,  66.1491,  67.2024,  65.1703,  65.0072,  64.2150,  62.6510,  62.3614,  63.7405,  67.6844,  63.5543,  63.0142,  60.3653,  63.8360,  63.7145,  64.5098,  66.6130,  64.6682,  67.1995,  68.3250,  64.0040,  68.2113,  65.5421,  64.2141,  66.0611],
 [ 68.2056,  64.6053,  63.3527,  69.3885,  67.0496,  67.8160,  68.2302,  66.3007,  69.3005,  67.9434,  66.5588,  67.2347,  66.7021,  61.3593,  65.5115,  67.9861,  70.4105,  67.0072,  68.4512,  64.9835,  67.4695,  69.2605,  68.7416,  70.2084,  66.7249,  70.2516,  69.8545,  66.6855,  69.9319,  67.9306,  67.0674,  70.5760],
 [ 67.4050,  64.6829,  67.2802,  68.3855,  68.7449,  67.9593,  71.2998,  65.8190,  68.7626,  68.6274,  68.5683,  69.5508,  69.5175,  64.9331,  67.3392,  69.8480,  71.9440,  66.3685,  67.7853,  67.4961,  69.0397,  68.1463,  68.8971,  70.0921,  70.7628,  71.4989,  71.9382,  67.1736,  66.0408,  69.7884,  68.2161,  71.0114],
 [ 62.9794,  59.4737,  61.1780,  67.0251,  61.8138,  61.7263,  65.9561,  62.6639,  60.3323,  63.5198,  65.9189,  62.0755,  62.5385,  59.0737,  64.3747,  64.8401,  68.3874,  61.9301,  64.3357,  60.3995,  62.7981,  64.9103,  62.4686,  65.3671,  64.6344,  64.7898,  67.2365,  59.3664,  64.7237,  61.2198,  64.3836,  66.9431],
 [ 65.4153,  60.2063,  63.0956,  65.7808,  61.0657,  60.4799,  68.4658,  63.4223,  63.8381,  65.7413,  66.8170,  64.8467,  66.2647,  62.1558,  65.9731,  63.0643,  66.7606,  61.9900,  62.7103,  61.5076,  64.6539,  65.1180,  65.8155,  64.5198,  63.6042,  65.0422,  68.4718,  61.4821,  64.6592,  63.9881,  64.3023,  66.2028],
 [ 60.6210,  59.1191,  60.5459,  63.7318,  60.9296,  60.4077,  62.4351,  61.1487,  60.8248,  60.6634,  65.1857,  59.6912,  61.4002,  60.8636,  61.2299,  62.0710,  68.9693,  60.8578,  61.1330,  58.4289,  60.7156,  60.4608,  64.1373,  63.1727,  63.5901,  64.5333,  66.0500,  60.5956,  64.1039,  63.2564,  63.5750,  65.0278],
 [ 63.4167,  60.0782,  60.4693,  64.5975,  62.6394,  62.0781,  63.2953,  62.3265,  64.9299,  62.8555,  62.5846,  61.9659,  62.1206,  59.1591,  64.2851,  65.4728,  64.6200,  61.4223,  66.8647,  61.1227,  63.1017,  65.2540,  63.7129,  66.9058,  62.4955,  63.7380,  67.6702,  60.9932,  64.0804,  63.3309,  63.7500,  66.7519],
 [ 62.9949,  60.3666,  60.7354,  65.1679,  62.0951,  64.5978,  66.4854,  61.0246,  62.5145,  62.5084,  63.7047,  61.7626,  63.1478,  60.8612,  64.3421,  65.9466,  65.4900,  60.5560,  62.4039,  60.7914,  61.1209,  62.3898,  63.6929,  62.6491,  65.7753,  65.4763,  69.1900,  61.3503,  64.1966,  61.0204,  62.2293,  67.1633],
 [ 64.7161,  61.7464,  63.3830,  68.3699,  65.8715,  65.4935,  67.8738,  65.6675,  67.1651,  66.8015,  68.7150,  68.0626,  66.3140,  63.6868,  67.0277,  65.7061,  70.4888,  66.5815,  66.3075,  65.3862,  65.9148,  67.5258,  66.0625,  67.8471,  69.6515,  68.2632,  70.2264,  64.0200,  66.6687,  68.5961,  66.1594,  67.5236],
 [ 66.1555,  60.5941,  63.2147,  68.0060,  64.0811,  64.7767,  69.7586,  64.5737,  65.4644,  63.1940,  68.2728,  65.4981,  66.1093,  63.3939,  67.1160,  66.7166,  70.5234,  63.6007,  65.8249,  64.3113,  65.0479,  66.4749,  66.9503,  68.0096,  65.7384,  65.9487,  69.9600,  63.7824,  67.1503,  67.4177,  67.0184,  66.5051],
 [ 63.3093,  59.6716,  61.2233,  62.2532,  61.4116,  62.9094,  65.2887,  62.9128,  61.6055,  63.7630,  63.1599,  64.1620,  60.6244,  62.2851,  62.4106,  64.2444,  66.6096,  60.9867,  62.0030,  59.8945,  63.5649,  64.0426,  63.8732,  65.4828,  64.2959,  65.3349,  66.1391,  61.2452,  67.6767,  66.2928,  64.1101,  67.6012],
 [ 63.4330,  57.7128,  60.2339,  63.6872,  61.7972,  62.6943,  62.8000,  62.3849,  62.0257,  62.2440,  64.2009,  61.4215,  62.7391,  60.7822,  61.0501,  59.6746,  64.9151,  60.0976,  60.6934,  57.6576,  60.8585,  62.6974,  63.2859,  61.8610,  64.1534,  63.3797,  64.5466,  58.8621,  66.0020,  63.3003,  61.6878,  63.0591],
 [ 64.5588,  58.9359,  62.6072,  66.7570,  65.9366,  62.2950,  65.7691,  62.0013,  65.1941,  66.4720,  65.6940,  64.5370,  64.1119,  63.6588,  63.3867,  64.5406,  68.9212,  63.7255,  65.4427,  61.3304,  62.9540,  65.4641,  65.6888,  63.2754,  66.1328,  66.9788,  65.1174,  61.5842,  66.9456,  65.0966,  65.7495,  67.3419],
 [ 62.7337,  55.8624,  57.5625,  63.1221,  63.0504,  58.6076,  63.3049,  60.3323,  61.5146,  62.9488,  64.1029,  61.5612,  61.4211,  61.9154,  61.6593,  62.8858,  66.2922,  60.0264,  62.3826,  58.3557,  61.1259,  62.2600,  62.7430,  60.1909,  63.1833,  62.5480,  62.5352,  59.6326,  64.2314,  59.2171,  62.9943,  64.2109],
 [ 60.6096,  56.5849,  57.4579,  61.0817,  60.0359,  57.7808,  62.9480,  59.3657,  58.8602,  59.0080,  58.2445,  58.9284,  58.0582,  58.6814,  59.8972,  60.0642,  63.9982,  59.2884,  59.4648,  56.4306,  58.5102,  59.1595,  58.8876,  61.9743,  63.5774,  58.7746,  62.2966,  59.1770,  60.8136,  60.7493,  59.8096,  61.4146],
 [ 63.7576,  59.3746,  63.0223,  65.1516,  61.2702,  62.1472,  67.1821,  63.9477,  60.9991,  64.3401,  64.8988,  63.2536,  64.8754,  62.7761,  64.7663,  65.8909,  65.5279,  61.4112,  62.7557,  61.9144,  62.5313,  65.9117,  64.7347,  63.9131,  65.4670,  66.2213,  67.4248,  65.6259,  66.8974,  65.2783,  62.1380,  68.2730],
 [ 64.5596,  56.9173,  61.6097,  64.8465,  60.8468,  59.7673,  65.4045,  61.9168,  63.4825,  65.3552,  65.2508,  62.6969,  62.1519,  62.4782,  61.3674,  63.5657,  64.5904,  61.0847,  61.0271,  60.7377,  62.5318,  61.2371,  63.2034,  66.3104,  63.1606,  62.0372,  66.5349,  60.9165,  61.5757,  63.5801,  63.7345,  66.3636],
 [ 58.8925,  57.8159,  57.3754,  61.0582,  61.1951,  59.1694,  64.0343,  60.8252,  62.6179,  61.9281,  63.1399,  62.8393,  58.8761,  56.5754,  60.2507,  59.4212,  63.8719,  59.7674,  60.6891,  59.4306,  60.4095,  63.2379,  61.2042,  62.2147,  63.0054,  64.2714,  62.9183,  57.1465,  61.0297,  60.3316,  59.4865,  63.5875],
 [ 64.1745,  61.3991,  62.6707,  68.5516,  67.3773,  63.9444,  63.0829,  66.4690,  65.7416,  66.4511,  68.8323,  66.2597,  65.2106,  65.1762,  65.4324,  66.8883,  70.2780,  63.7149,  65.4532,  63.7023,  64.4101,  65.3984,  67.0382,  68.9982,  66.7520,  70.3922,  68.3312,  64.3386,  66.6700,  65.6912,  66.3256,  68.0873],
 [ 61.9578,  60.9917,  59.6530,  65.3280,  63.9588,  61.0464,  66.2683,  64.2404,  62.7516,  64.1261,  62.6762,  60.7334,  63.1044,  61.4323,  63.0279,  62.3679,  66.9376,  60.2705,  63.1748,  59.9798,  62.0145,  63.1171,  64.7958,  65.7780,  63.8281,  67.8446,  66.0557,  64.2499,  64.4225,  65.2398,  63.3125,  65.4929],
 [ 61.4427,  62.3497,  62.8716,  63.2793,  63.4291,  63.7285,  68.1335,  63.3684,  65.7834,  64.3311,  64.4857,  66.2191,  64.0109,  61.0173,  64.1144,  62.8398,  69.6134,  63.0315,  61.8539,  61.4031,  62.8303,  63.3269,  66.8371,  63.9061,  67.1247,  66.0812,  66.4977,  63.6130,  66.1204,  64.9841,  63.8209,  67.1682],
 [ 57.5715,  56.1172,  57.4594,  60.2081,  59.1146,  56.8102,  62.3405,  57.5443,  57.9996,  60.3579,  60.1572,  59.5891,  55.9720,  58.9133,  59.1573,  60.2761,  61.4437,  56.4321,  59.1741,  56.8165,  56.5432,  59.5727,  60.9844,  61.3661,  59.9874,  59.4391,  61.9050,  58.8595,  60.0056,  58.9817,  62.6924,  62.8707],
 [ 59.1173,  55.9522,  54.1138,  59.2051,  55.8856,  58.2333,  61.7567,  55.7085,  58.7065,  59.8969,  60.3369,  59.2085,  57.2543,  57.1716,  57.5807,  57.6446,  62.8648,  56.6063,  57.1568,  56.9261,  59.0960,  60.9203,  56.5069,  58.2261,  60.5134,  61.3552,  58.7456,  56.0634,  58.6752,  60.1561,  58.0237,  61.7545],
 [ 63.1515,  59.4660,  61.5350,  64.4536,  60.9728,  61.7244,  64.8561,  62.0624,  61.9599,  61.7995,  61.9111,  63.4103,  62.2259,  63.9291,  62.9172,  64.4908,  66.8369,  61.2012,  63.0766,  58.3917,  62.4790,  65.3771,  62.2379,  64.6382,  63.5059,  62.9128,  64.0796,  60.2157,  63.9147,  63.9878,  62.1041,  66.4416],
 [ 63.3182,  58.2832,  59.2353,  66.3531,  62.9714,  61.3355,  63.7423,  63.7422,  62.5562,  62.8752,  65.8243,  61.5837,  61.4760,  60.4163,  61.4154,  63.5651,  68.1961,  60.3553,  62.4310,  60.5341,  61.5700,  61.6348,  64.7623,  63.8273,  64.5651,  66.7283,  67.2797,  61.5942,  64.9880,  64.6583,  65.9356,  66.1999],
 [ 65.1264,  63.1486,  59.5090,  63.2515,  61.8169,  63.1395,  65.0322,  63.6393,  64.7322,  65.5564,  62.7846,  63.1504,  60.8216,  58.1710,  63.5283,  63.1878,  65.9111,  61.5955,  63.7448,  61.5806,  63.2625,  66.5243,  63.2067,  66.8372,  62.9280,  61.4163,  67.3757,  61.1243,  64.5582,  64.6680,  61.5837,  64.6189],
 [ 67.4130,  60.7886,  65.5036,  69.9525,  65.2739,  65.5085,  69.9174,  65.9850,  64.7198,  67.3627,  66.9641,  67.9965,  69.0859,  64.4630,  65.6918,  66.8723,  70.3205,  64.9858,  64.7504,  63.3768,  65.3152,  65.5698,  67.5958,  67.2462,  69.2540,  70.2845,  72.2434,  65.8217,  69.0207,  67.4273,  64.9752,  68.1925],
 [ 67.2809,  65.8522,  65.7164,  68.9694,  66.1967,  67.5984,  69.2187,  65.5145,  68.5641,  69.8459,  70.0558,  66.4987,  66.8145,  66.7494,  69.4774,  68.1275,  70.0624,  66.6824,  66.4313,  65.7339,  68.2587,  70.4268,  68.6307,  70.0210,  70.3663,  71.4968,  70.4964,  64.4945,  66.5888,  69.5325,  67.3607,  72.0072],
 [ 64.6054,  61.6496,  62.9858,  68.2026,  63.4887,  61.6647,  65.5724,  63.9551,  63.6497,  66.6972,  65.4615,  62.5495,  65.4061,  61.8795,  65.7648,  65.0554,  67.6164,  64.2189,  65.4261,  61.1799,  63.7208,  68.1919,  64.4903,  66.8632,  65.9493,  65.9317,  68.6053,  62.8173,  65.9788,  67.3700,  68.9263,  67.8138],
 [ 60.1616,  56.4686,  59.1263,  63.5096,  60.3827,  57.1792,  63.4912,  59.9899,  58.8612,  58.6318,  61.3857,  60.3670,  59.7430,  58.2326,  60.9193,  61.0718,  64.3633,  57.7143,  59.7663,  58.8879,  57.7274,  62.3459,  62.9891,  62.0541,  58.1302,  63.2537,  61.1794,  58.4460,  62.2274,  59.1326,  61.0741,  61.4340],
 [ 60.8220,  61.9295,  62.7512,  66.9292,  62.2565,  64.3472,  66.1536,  62.5459,  64.2812,  64.7632,  63.8896,  67.5205,  61.4069,  62.0498,  63.8969,  65.4436,  68.0340,  60.6581,  65.2750,  61.9121,  63.4776,  65.2721,  66.6876,  66.0869,  66.5292,  65.8741,  67.0790,  64.0438,  63.8415,  65.8529,  63.6620,  67.0111],
 [ 65.9160,  63.4271,  65.6156,  69.2227,  65.5651,  64.8737,  66.8613,  64.8721,  67.5420,  66.1395,  67.6105,  66.8509,  66.9150,  64.9086,  66.8287,  66.6429,  70.3097,  64.7328,  68.5133,  66.0505,  62.5491,  68.2815,  70.1797,  66.4296,  67.1410,  70.5568,  69.6533,  63.4968,  65.7237,  66.0080,  68.1916,  68.2369],
 [ 63.0779,  58.2341,  60.4799,  65.3591,  63.5955,  64.1925,  67.8715,  64.3526,  63.0682,  65.1340,  66.2734,  63.7816,  62.8944,  64.7572,  61.6232,  64.8848,  67.0446,  62.4694,  65.5117,  64.0540,  64.2336,  65.8293,  64.3692,  65.1349,  65.2932,  66.9744,  66.0023,  63.5675,  65.6394,  63.5993,  64.7651,  67.8915],
 [ 65.8244,  60.6677,  61.6263,  64.7851,  61.4139,  64.8177,  65.0164,  62.0169,  65.6483,  64.3107,  63.4870,  66.0261,  65.2965,  61.6430,  61.8502,  64.6105,  67.2868,  60.3424,  65.3073,  62.0670,  65.9174,  64.5233,  65.0445,  65.1321,  66.2933,  65.0816,  67.5531,  64.2685,  65.5300,  64.0269,  63.9178,  65.8021],
 [ 62.9778,  59.7635,  62.6862,  64.1645,  64.9703,  63.6078,  66.6944,  63.0054,  63.0304,  64.5915,  63.0695,  63.8709,  67.9419,  63.3922,  63.1987,  63.3626,  68.9333,  61.5046,  66.3849,  61.9191,  63.3293,  63.9095,  66.1864,  66.1532,  65.5497,  66.9975,  67.6478,  61.3306,  67.6273,  65.6540,  63.0670,  67.1863],
 [ 62.2859,  61.1542,  62.8697,  64.6841,  64.0672,  62.3371,  64.8194,  64.4621,  64.0616,  63.1748,  64.8511,  63.2371,  61.1970,  61.4365,  67.2776,  65.8685,  68.1134,  62.1543,  65.4699,  59.2892,  62.5065,  64.1666,  65.5464,  66.3648,  62.7436,  65.7233,  68.2524,  61.4130,  64.7696,  66.1137,  66.4708,  66.1647],
 [ 63.6239,  60.0290,  63.7426,  65.0119,  61.0438,  58.9698,  65.5069,  61.2654,  60.8564,  63.7291,  65.2598,  61.4962,  63.0519,  59.6885,  62.4714,  62.7848,  65.9285,  62.3748,  63.6597,  60.0097,  61.0335,  61.0444,  62.7343,  63.1406,  64.1460,  62.6034,  66.0045,  62.8505,  62.4927,  63.4480,  64.3892,  68.6510],
 [ 64.6204,  57.8234,  62.3805,  65.1486,  64.2581,  60.9860,  65.4801,  62.5194,  65.1634,  66.1663,  64.6838,  62.6777,  63.5603,  62.3751,  64.4759,  62.2510,  68.3498,  62.0670,  63.8301,  60.9742,  62.5574,  65.0428,  66.0127,  65.5055,  64.4412,  64.2838,  66.5824,  59.9361,  64.2116,  62.9919,  63.3813,  64.9241],
 [ 66.2908,  62.2160,  62.3950,  67.2634,  66.7029,  63.2635,  69.5371,  66.7972,  66.2775,  67.6318,  68.0929,  68.7942,  66.8483,  64.7527,  66.4875,  67.6048,  71.4372,  66.9166,  67.8113,  66.2525,  66.2915,  68.0831,  67.3886,  67.6998,  66.8440,  70.7826,  71.0601,  64.6283,  68.2472,  71.0233,  67.6503,  67.3506],
 [ 68.4784,  63.5303,  62.7977,  68.1706,  66.8806,  64.7757,  69.6001,  69.1316,  65.0904,  66.4203,  69.3144,  67.2370,  67.6437,  63.4666,  66.3952,  70.6029,  66.7438,  64.5196,  67.4832,  61.8585,  69.4538,  68.1945,  68.1240,  67.0533,  65.9328,  69.5603,  69.6490,  64.2292,  69.5525,  65.4452,  67.2266,  71.6201],
 [ 65.2719,  63.7640,  63.7941,  67.4125,  63.5176,  61.2638,  67.2689,  63.9035,  62.2692,  62.8069,  64.9072,  63.8048,  64.4657,  61.3349,  64.5094,  62.3122,  68.7572,  61.4123,  65.3755,  61.8198,  65.1296,  66.3967,  65.6021,  63.2843,  63.2141,  67.5584,  67.7220,  63.1774,  64.7349,  63.6859,  63.7673,  64.5240],
 [ 65.9797,  57.5529,  61.8694,  70.0738,  64.0362,  61.3234,  68.5766,  65.2526,  65.8703,  64.7669,  66.2459,  64.6930,  63.3622,  62.2553,  63.6245,  66.0687,  67.0224,  63.2932,  63.1775,  62.5518,  65.0482,  66.5313,  66.1582,  66.9863,  64.7915,  66.6958,  68.5129,  63.2234,  66.6168,  63.0166,  66.2723,  66.2277],
 [ 63.0081,  57.8669,  60.8534,  64.3447,  61.3267,  58.9767,  65.5504,  62.7043,  61.9717,  63.0940,  64.4550,  61.9419,  62.0129,  58.5301,  61.6879,  61.1213,  65.4552,  61.3507,  64.0201,  61.4164,  62.7235,  64.2868,  62.9604,  62.1484,  62.2294,  64.0984,  67.2335,  62.3472,  60.3520,  62.4056,  61.8686,  64.8195],
 [ 64.7454,  60.4938,  60.6387,  65.9010,  65.3005,  64.0635,  66.9477,  62.5772,  65.3967,  65.1437,  66.4988,  64.6594,  62.8471,  64.1188,  62.7670,  65.7169,  70.8631,  65.1025,  66.7476,  64.5846,  64.6065,  66.5313,  65.5397,  65.4647,  66.8255,  67.1531,  66.9452,  60.9572,  64.8104,  65.0696,  63.1322,  69.0952],
 [ 62.0871,  59.7248,  60.1601,  63.9090,  63.1390,  61.5358,  62.8584,  62.5894,  63.8218,  62.6893,  60.8255,  63.7194,  60.2901,  61.5890,  63.7579,  64.6269,  66.5071,  61.2193,  62.8930,  60.6815,  61.7789,  63.5002,  62.0635,  63.0163,  62.7589,  64.6111,  66.2855,  61.5336,  64.8269,  61.0764,  62.2828,  66.4233],
 [ 63.5526,  59.4362,  56.8767,  62.2932,  60.6708,  57.3219,  63.2339,  59.7068,  60.6977,  62.2922,  60.7340,  60.9722,  60.1972,  60.9883,  62.5312,  61.2320,  66.5899,  56.7596,  61.7683,  58.8308,  59.7315,  61.1589,  62.3225,  63.7032,  61.5521,  62.3995,  64.9301,  59.1823,  64.9122,  62.2527,  60.8494,  65.7455],
 [ 57.4746,  54.0668,  55.3676,  58.9281,  57.6767,  56.0229,  60.5052,  55.6637,  57.7127,  57.3643,  57.4967,  55.7552,  58.6899,  55.7122,  59.3645,  55.4042,  61.0471,  55.9989,  56.5049,  55.9876,  55.9958,  58.6275,  56.2446,  58.4521,  55.9972,  58.8584,  60.3014,  53.0067,  56.6005,  57.9884,  58.1847,  60.1397]]

 ================ C_computed ============= 
[[ 63.1426,  59.9140,  60.2652,  64.8105,  63.4700,  62.3444,  65.8733,  60.7360,  65.9389,  64.4333,  65.5018,  62.8208,  63.4849,  60.5698,  64.5119,  66.1452,  67.4878,  62.7492,  64.5872,  60.5476,  64.8164,  66.2757,  64.1558,  65.4412,  63.1868,  67.0386,  65.3546,  62.8836,  64.7707,  64.8246,  65.9380,  65.6056],
 [ 62.0261,  57.4751,  63.1867,  65.0368,  62.5341,  62.3485,  66.1911,  61.5696,  62.4898,  64.8102,  65.9974,  66.8326,  64.6343,  60.6706,  63.0666,  63.9518,  66.9563,  61.4779,  63.4031,  63.1436,  61.9621,  64.1339,  67.1990,  65.0741,  66.7473,  64.3579,  69.1332,  63.4856,  65.2913,  65.1926,  63.5002,  66.1153],
 [ 68.4150,  61.8195,  62.8918,  69.4023,  64.7493,  64.1517,  68.5384,  66.7126,  66.9132,  67.7702,  66.4487,  66.9984,  66.8634,  61.5578,  65.7693,  65.5673,  69.6545,  64.6785,  66.8888,  63.6380,  66.6837,  69.6208,  64.9871,  65.8380,  66.9394,  68.9622,  70.3873,  65.8922,  67.1966,  65.6663,  65.1588,  66.3334],
 [ 59.8039,  56.3616,  58.0501,  60.6303,  58.0176,  59.8841,  62.6059,  56.7363,  58.5393,  61.2259,  64.2566,  58.5841,  57.8707,  59.5994,  58.3615,  59.5446,  65.6904,  57.7394,  59.5974,  59.3090,  60.6130,  60.7738,  61.8149,  61.3873,  61.0209,  63.1509,  61.6974,  60.9649,  63.0989,  61.3407,  62.1576,  62.7823],
 [ 64.3842,  63.0639,  61.4184,  65.0930,  62.6905,  61.3692,  64.8414,  62.1902,  60.9780,  63.8081,  63.9126,  61.7437,  64.4480,  63.0311,  63.3811,  63.6348,  67.0250,  60.3882,  62.5735,  59.4984,  62.5454,  66.0093,  63.9911,  66.7830,  62.1764,  65.5437,  65.7767,  62.4981,  64.6115,  64.8978,  62.3997,  65.1734],
 [ 61.4501,  58.3587,  60.1129,  61.7352,  61.6157,  57.9034,  62.9853,  58.5217,  62.4031,  61.7579,  63.9408,  60.6451,  61.4157,  61.0682,  60.8605,  59.6202,  64.3514,  60.0449,  60.7502,  59.6196,  58.6117,  63.0025,  62.7318,  63.4132,  62.9083,  63.6894,  64.7222,  60.4239,  64.3115,  61.3974,  60.9466,  61.4515],
 [ 63.9507,  57.4730,  59.4199,  65.5993,  62.4949,  62.5338,  64.9361,  61.5139,  63.7831,  64.4216,  66.2522,  62.3476,  63.2232,  61.6492,  64.6162,  64.0787,  69.4604,  63.8826,  61.8732,  58.9087,  64.2470,  64.7480,  65.6135,  64.3059,  64.9351,  64.5596,  65.1856,  60.9926,  66.1541,  64.1060,  64.8320,  65.6303],
 [ 60.8477,  56.8404,  57.7753,  61.4432,  57.5418,  60.9921,  62.9573,  61.3513,  62.3934,  58.9984,  61.8501,  62.5092,  58.8119,  57.8525,  60.4918,  59.9794,  64.0856,  59.0259,  60.9119,  58.2089,  58.8414,  60.5662,  62.2777,  60.9404,  61.3012,  61.9287,  60.9002,  60.4172,  60.9023,  61.9790,  61.3764,  63.4608],
 [ 56.0262,  55.2897,  56.4108,  60.7755,  56.0115,  54.9156,  61.0609,  54.5592,  59.1937,  58.3053,  58.9876,  58.8532,  55.6538,  56.0793,  56.9023,  59.2672,  61.2146,  55.7833,  56.6786,  57.8222,  54.1151,  56.0958,  57.3066,  57.1558,  57.0082,  58.7678,  60.8365,  55.7880,  59.0675,  55.1731,  58.8504,  58.3577],
 [ 62.5977,  57.4109,  62.0712,  64.1093,  61.8054,  61.6818,  65.6321,  62.4405,  62.3554,  63.5161,  65.0028,  61.7704,  62.9633,  63.5595,  63.7734,  64.3736,  65.7053,  62.2240,  63.3450,  63.6069,  61.6736,  65.0435,  64.0700,  64.6868,  63.9201,  68.3077,  66.6301,  62.2332,  65.5839,  65.5326,  64.0141,  66.2916],
 [ 62.8026,  60.4894,  60.5684,  64.0532,  61.7386,  58.8268,  65.7413,  61.0870,  62.0906,  62.0473,  61.6692,  62.9417,  63.6615,  58.5530,  62.0566,  65.6641,  64.1071,  59.5564,  61.5811,  59.7993,  63.4272,  63.1667,  64.8139,  61.9072,  62.5954,  62.2924,  67.7378,  63.3557,  65.8654,  60.1717,  62.4953,  63.6034],
 [ 62.4998,  59.8598,  60.9731,  65.6262,  63.6672,  60.5888,  65.5782,  60.6433,  62.9515,  66.7230,  64.6036,  61.8197,  63.2641,  59.8902,  63.8663,  64.4579,  66.6832,  59.5517,  61.3397,  59.5630,  62.7640,  61.7029,  63.9581,  65.1965,  63.0589,  65.0043,  66.4149,  58.7311,  64.3076,  63.7821,  63.2655,  66.5190],
 [ 63.4403,  57.8715,  56.7556,  64.2676,  62.2420,  58.9234,  63.8056,  59.4847,  59.1365,  63.7607,  64.3348,  60.3730,  60.6214,  58.3690,  59.9658,  61.1649,  64.7326,  60.4235,  63.0198,  58.4831,  61.0422,  61.5934,  62.8423,  64.4875,  63.5208,  63.2931,  65.9675,  59.6998,  62.9044,  64.1262,  60.2717,  63.7608],
 [ 61.6257,  57.3023,  60.3907,  63.7624,  63.9800,  60.5780,  65.4496,  60.3935,  62.3060,  63.9897,  66.6139,  61.6138,  60.8320,  61.8315,  63.6863,  63.7008,  67.0276,  62.5240,  64.4160,  59.6723,  63.4076,  64.0299,  64.5122,  63.9349,  64.7289,  62.9958,  65.2335,  61.6770,  64.8148,  63.5875,  64.9697,  68.1936],
 [ 67.1736,  63.5347,  66.6974,  68.2192,  67.0435,  66.7209,  71.0124,  69.0415,  68.1054,  70.5623,  68.0876,  70.1995,  67.3760,  66.0353,  65.9100,  66.7719,  71.9057,  65.6766,  67.3921,  67.4968,  69.3530,  67.9496,  67.1891,  70.6247,  67.7524,  68.2786,  69.0758,  63.5050,  68.4059,  69.3439,  66.8598,  73.6396],
 [ 61.7257,  59.1415,  62.1879,  63.5227,  61.1432,  62.1907,  66.2759,  62.5719,  61.6535,  65.5872,  62.7429,  63.8869,  60.7843,  61.1487,  60.7223,  62.9338,  65.2706,  63.8990,  64.1871,  58.7653,  62.8016,  64.7353,  60.9837,  61.7315,  61.6115,  63.7942,  66.2509,  58.6382,  63.1360,  64.1472,  63.5988,  64.1742],
 [ 66.2949,  61.5943,  63.1703,  66.4980,  62.3576,  62.0871,  68.5930,  64.8542,  65.4459,  64.6433,  67.2305,  65.5774,  63.9978,  62.7644,  66.4421,  65.3548,  70.5160,  65.3552,  65.8012,  59.5740,  66.2380,  63.6540,  64.5893,  66.0964,  67.4237,  67.5855,  70.1082,  63.5727,  68.7537,  65.9711,  65.9387,  68.6584],
 [ 64.8722,  59.3754,  62.6903,  65.2833,  64.2927,  63.7969,  67.5725,  63.2330,  66.1491,  67.2024,  65.1703,  65.0072,  64.2150,  62.6510,  62.3614,  63.7405,  67.6843,  63.5542,  63.0142,  60.3653,  63.8360,  63.7145,  64.5098,  66.6130,  64.6681,  67.1995,  68.3249,  64.0040,  68.2113,  65.5421,  64.2140,  66.0611],
 [ 68.2056,  64.6053,  63.3526,  69.3885,  67.0495,  67.8160,  68.2302,  66.3007,  69.3005,  67.9434,  66.5587,  67.2346,  66.7021,  61.3593,  65.5114,  67.9861,  70.4105,  67.0071,  68.4511,  64.9834,  67.4695,  69.2605,  68.7416,  70.2084,  66.7249,  70.2516,  69.8545,  66.6854,  69.9318,  67.9306,  67.0674,  70.5760],
 [ 67.4049,  64.6829,  67.2801,  68.3855,  68.7449,  67.9593,  71.2998,  65.8190,  68.7626,  68.6274,  68.5683,  69.5508,  69.5175,  64.9331,  67.3392,  69.8479,  71.9440,  66.3684,  67.7852,  67.4961,  69.0397,  68.1463,  68.8970,  70.0921,  70.7628,  71.4988,  71.9382,  67.1736,  66.0408,  69.7884,  68.2160,  71.0113],
 [ 62.9794,  59.4737,  61.1780,  67.0251,  61.8138,  61.7263,  65.9560,  62.6639,  60.3323,  63.5198,  65.9188,  62.0755,  62.5385,  59.0736,  64.3747,  64.8401,  68.3874,  61.9301,  64.3357,  60.3995,  62.7981,  64.9103,  62.4686,  65.3671,  64.6344,  64.7898,  67.2365,  59.3664,  64.7237,  61.2197,  64.3836,  66.9431],
 [ 65.4153,  60.2062,  63.0956,  65.7808,  61.0657,  60.4799,  68.4658,  63.4223,  63.8381,  65.7413,  66.8169,  64.8466,  66.2647,  62.1557,  65.9731,  63.0642,  66.7606,  61.9900,  62.7103,  61.5075,  64.6539,  65.1180,  65.8155,  64.5198,  63.6042,  65.0422,  68.4718,  61.4820,  64.6592,  63.9881,  64.3023,  66.2028],
 [ 60.6210,  59.1191,  60.5459,  63.7318,  60.9296,  60.4077,  62.4351,  61.1487,  60.8248,  60.6633,  65.1857,  59.6912,  61.4002,  60.8636,  61.2298,  62.0710,  68.9693,  60.8578,  61.1330,  58.4289,  60.7156,  60.4608,  64.1373,  63.1727,  63.5901,  64.5333,  66.0500,  60.5956,  64.1039,  63.2564,  63.5750,  65.0278],
 [ 63.4167,  60.0781,  60.4693,  64.5975,  62.6394,  62.0781,  63.2953,  62.3265,  64.9298,  62.8554,  62.5846,  61.9658,  62.1206,  59.1591,  64.2851,  65.4728,  64.6199,  61.4223,  66.8646,  61.1226,  63.1016,  65.2539,  63.7128,  66.9058,  62.4955,  63.7380,  67.6702,  60.9932,  64.0804,  63.3309,  63.7500,  66.7519],
 [ 62.9949,  60.3665,  60.7354,  65.1679,  62.0951,  64.5978,  66.4854,  61.0246,  62.5145,  62.5083,  63.7047,  61.7626,  63.1478,  60.8612,  64.3421,  65.9466,  65.4900,  60.5560,  62.4039,  60.7914,  61.1209,  62.3898,  63.6929,  62.6491,  65.7753,  65.4763,  69.1900,  61.3503,  64.1966,  61.0204,  62.2292,  67.1633],
 [ 64.7161,  61.7463,  63.3830,  68.3699,  65.8715,  65.4935,  67.8738,  65.6675,  67.1651,  66.8015,  68.7150,  68.0626,  66.3140,  63.6868,  67.0277,  65.7060,  70.4888,  66.5815,  66.3074,  65.3862,  65.9148,  67.5258,  66.0625,  67.8471,  69.6515,  68.2632,  70.2264,  64.0199,  66.6686,  68.5960,  66.1594,  67.5236],
 [ 66.1555,  60.5941,  63.2146,  68.0060,  64.0810,  64.7767,  69.7586,  64.5737,  65.4643,  63.1940,  68.2728,  65.4981,  66.1093,  63.3939,  67.1159,  66.7165,  70.5233,  63.6007,  65.8249,  64.3113,  65.0479,  66.4749,  66.9503,  68.0095,  65.7384,  65.9487,  69.9600,  63.7824,  67.1503,  67.4177,  67.0184,  66.5051],
 [ 63.3093,  59.6715,  61.2232,  62.2532,  61.4116,  62.9094,  65.2887,  62.9128,  61.6055,  63.7630,  63.1598,  64.1620,  60.6243,  62.2851,  62.4106,  64.2444,  66.6096,  60.9867,  62.0030,  59.8945,  63.5649,  64.0425,  63.8732,  65.4827,  64.2959,  65.3348,  66.1391,  61.2452,  67.6766,  66.2928,  64.1101,  67.6012],
 [ 63.4330,  57.7128,  60.2339,  63.6872,  61.7972,  62.6943,  62.8000,  62.3849,  62.0257,  62.2440,  64.2009,  61.4215,  62.7391,  60.7821,  61.0501,  59.6746,  64.9151,  60.0975,  60.6933,  57.6576,  60.8585,  62.6974,  63.2859,  61.8610,  64.1534,  63.3797,  64.5466,  58.8620,  66.0020,  63.3002,  61.6878,  63.0591],
 [ 64.5588,  58.9359,  62.6071,  66.7570,  65.9366,  62.2950,  65.7690,  62.0013,  65.1941,  66.4720,  65.6940,  64.5369,  64.1118,  63.6587,  63.3866,  64.5406,  68.9212,  63.7255,  65.4427,  61.3304,  62.9540,  65.4641,  65.6888,  63.2754,  66.1328,  66.9787,  65.1174,  61.5841,  66.9456,  65.0966,  65.7494,  67.3419],
 [ 62.7337,  55.8624,  57.5625,  63.1220,  63.0504,  58.6076,  63.3049,  60.3323,  61.5146,  62.9488,  64.1028,  61.5612,  61.4211,  61.9154,  61.6593,  62.8858,  66.2922,  60.0263,  62.3826,  58.3557,  61.1259,  62.2599,  62.7430,  60.1909,  63.1832,  62.5480,  62.5352,  59.6326,  64.2313,  59.2170,  62.9943,  64.2108],
 [ 60.6096,  56.5849,  57.4579,  61.0817,  60.0358,  57.7807,  62.9479,  59.3657,  58.8602,  59.0080,  58.2445,  58.9283,  58.0582,  58.6814,  59.8972,  60.0641,  63.9982,  59.2884,  59.4648,  56.4306,  58.5101,  59.1595,  58.8876,  61.9743,  63.5774,  58.7746,  62.2966,  59.1770,  60.8136,  60.7493,  59.8096,  61.4146],
 [ 63.7576,  59.3746,  63.0223,  65.1516,  61.2702,  62.1472,  67.1820,  63.9477,  60.9991,  64.3401,  64.8987,  63.2536,  64.8753,  62.7761,  64.7662,  65.8909,  65.5279,  61.4112,  62.7557,  61.9144,  62.5313,  65.9116,  64.7347,  63.9131,  65.4670,  66.2213,  67.4248,  65.6259,  66.8974,  65.2783,  62.1380,  68.2730],
 [ 64.5596,  56.9173,  61.6097,  64.8465,  60.8468,  59.7673,  65.4045,  61.9168,  63.4825,  65.3552,  65.2508,  62.6969,  62.1519,  62.4782,  61.3674,  63.5657,  64.5904,  61.0846,  61.0271,  60.7377,  62.5318,  61.2371,  63.2033,  66.3104,  63.1606,  62.0372,  66.5349,  60.9165,  61.5756,  63.5801,  63.7345,  66.3635],
 [ 58.8925,  57.8159,  57.3754,  61.0582,  61.1950,  59.1694,  64.0343,  60.8251,  62.6178,  61.9281,  63.1399,  62.8392,  58.8761,  56.5754,  60.2507,  59.4212,  63.8719,  59.7674,  60.6891,  59.4306,  60.4095,  63.2378,  61.2042,  62.2146,  63.0054,  64.2714,  62.9183,  57.1465,  61.0297,  60.3316,  59.4864,  63.5875],
 [ 64.1745,  61.3991,  62.6707,  68.5516,  67.3773,  63.9444,  63.0829,  66.4690,  65.7416,  66.4511,  68.8323,  66.2597,  65.2106,  65.1762,  65.4323,  66.8883,  70.2780,  63.7148,  65.4532,  63.7022,  64.4101,  65.3984,  67.0382,  68.9982,  66.7520,  70.3921,  68.3312,  64.3385,  66.6699,  65.6912,  66.3256,  68.0872],
 [ 61.9578,  60.9917,  59.6530,  65.3280,  63.9587,  61.0463,  66.2683,  64.2404,  62.7516,  64.1261,  62.6762,  60.7334,  63.1044,  61.4323,  63.0279,  62.3679,  66.9376,  60.2704,  63.1748,  59.9798,  62.0145,  63.1171,  64.7958,  65.7780,  63.8281,  67.8446,  66.0557,  64.2499,  64.4225,  65.2398,  63.3125,  65.4929],
 [ 61.4427,  62.3497,  62.8716,  63.2793,  63.4291,  63.7284,  68.1335,  63.3684,  65.7834,  64.3311,  64.4856,  66.2191,  64.0109,  61.0173,  64.1144,  62.8398,  69.6134,  63.0315,  61.8538,  61.4030,  62.8303,  63.3269,  66.8371,  63.9061,  67.1246,  66.0812,  66.4977,  63.6130,  66.1204,  64.9841,  63.8208,  67.1681],
 [ 57.5715,  56.1172,  57.4594,  60.2081,  59.1145,  56.8102,  62.3405,  57.5443,  57.9995,  60.3579,  60.1572,  59.5891,  55.9719,  58.9133,  59.1572,  60.2761,  61.4437,  56.4321,  59.1740,  56.8165,  56.5432,  59.5727,  60.9844,  61.3661,  59.9874,  59.4391,  61.9049,  58.8594,  60.0055,  58.9817,  62.6924,  62.8707],
 [ 59.1173,  55.9522,  54.1138,  59.2051,  55.8856,  58.2332,  61.7567,  55.7085,  58.7065,  59.8969,  60.3369,  59.2085,  57.2543,  57.1715,  57.5806,  57.6446,  62.8647,  56.6063,  57.1568,  56.9261,  59.0960,  60.9203,  56.5069,  58.2261,  60.5134,  61.3551,  58.7456,  56.0634,  58.6752,  60.1561,  58.0237,  61.7545],
 [ 63.1514,  59.4659,  61.5350,  64.4535,  60.9728,  61.7244,  64.8561,  62.0623,  61.9599,  61.7994,  61.9111,  63.4103,  62.2258,  63.9291,  62.9172,  64.4908,  66.8369,  61.2011,  63.0766,  58.3917,  62.4790,  65.3771,  62.2379,  64.6382,  63.5059,  62.9128,  64.0796,  60.2157,  63.9147,  63.9878,  62.1041,  66.4416],
 [ 63.3182,  58.2832,  59.2353,  66.3531,  62.9714,  61.3355,  63.7423,  63.7422,  62.5562,  62.8752,  65.8243,  61.5837,  61.4760,  60.4163,  61.4154,  63.5651,  68.1961,  60.3553,  62.4310,  60.5341,  61.5700,  61.6347,  64.7623,  63.8273,  64.5651,  66.7283,  67.2796,  61.5942,  64.9880,  64.6582,  65.9356,  66.1999],
 [ 65.1264,  63.1486,  59.5089,  63.2515,  61.8169,  63.1395,  65.0321,  63.6393,  64.7322,  65.5563,  62.7845,  63.1503,  60.8216,  58.1710,  63.5283,  63.1878,  65.9110,  61.5955,  63.7448,  61.5806,  63.2625,  66.5243,  63.2067,  66.8372,  62.9280,  61.4163,  67.3757,  61.1243,  64.5582,  64.6680,  61.5837,  64.6189],
 [ 67.4130,  60.7886,  65.5036,  69.9524,  65.2739,  65.5085,  69.9173,  65.9850,  64.7198,  67.3626,  66.9641,  67.9965,  69.0859,  64.4630,  65.6917,  66.8723,  70.3205,  64.9858,  64.7503,  63.3768,  65.3152,  65.5698,  67.5958,  67.2462,  69.2540,  70.2845,  72.2433,  65.8217,  69.0206,  67.4272,  64.9752,  68.1925],
 [ 67.2809,  65.8522,  65.7164,  68.9694,  66.1967,  67.5984,  69.2187,  65.5145,  68.5640,  69.8459,  70.0558,  66.4987,  66.8145,  66.7494,  69.4774,  68.1274,  70.0624,  66.6823,  66.4313,  65.7339,  68.2587,  70.4267,  68.6306,  70.0209,  70.3663,  71.4968,  70.4964,  64.4945,  66.5888,  69.5325,  67.3607,  72.0072],
 [ 64.6054,  61.6495,  62.9858,  68.2025,  63.4887,  61.6647,  65.5723,  63.9551,  63.6496,  66.6972,  65.4615,  62.5495,  65.4060,  61.8795,  65.7648,  65.0554,  67.6163,  64.2189,  65.4261,  61.1799,  63.7208,  68.1918,  64.4903,  66.8632,  65.9493,  65.9317,  68.6053,  62.8173,  65.9788,  67.3699,  68.9262,  67.8137],
 [ 60.1616,  56.4686,  59.1263,  63.5096,  60.3827,  57.1792,  63.4912,  59.9899,  58.8612,  58.6318,  61.3857,  60.3669,  59.7430,  58.2326,  60.9193,  61.0718,  64.3632,  57.7143,  59.7663,  58.8879,  57.7274,  62.3458,  62.9891,  62.0541,  58.1302,  63.2537,  61.1794,  58.4460,  62.2274,  59.1326,  61.0740,  61.4340],
 [ 60.8219,  61.9295,  62.7512,  66.9292,  62.2564,  64.3471,  66.1536,  62.5459,  64.2812,  64.7631,  63.8896,  67.5205,  61.4069,  62.0498,  63.8969,  65.4435,  68.0340,  60.6581,  65.2750,  61.9121,  63.4776,  65.2721,  66.6876,  66.0869,  66.5292,  65.8741,  67.0790,  64.0438,  63.8415,  65.8529,  63.6620,  67.0111],
 [ 65.9160,  63.4271,  65.6156,  69.2227,  65.5650,  64.8737,  66.8613,  64.8721,  67.5420,  66.1395,  67.6104,  66.8509,  66.9150,  64.9086,  66.8286,  66.6429,  70.3097,  64.7328,  68.5133,  66.0505,  62.5491,  68.2815,  70.1797,  66.4295,  67.1410,  70.5568,  69.6533,  63.4968,  65.7237,  66.0080,  68.1916,  68.2369],
 [ 63.0779,  58.2341,  60.4798,  65.3591,  63.5955,  64.1924,  67.8715,  64.3526,  63.0682,  65.1339,  66.2734,  63.7816,  62.8943,  64.7572,  61.6232,  64.8848,  67.0445,  62.4694,  65.5116,  64.0540,  64.2335,  65.8293,  64.3692,  65.1349,  65.2932,  66.9744,  66.0023,  63.5675,  65.6394,  63.5993,  64.7651,  67.8915],
 [ 65.8243,  60.6677,  61.6263,  64.7850,  61.4139,  64.8177,  65.0163,  62.0169,  65.6483,  64.3106,  63.4870,  66.0260,  65.2965,  61.6430,  61.8501,  64.6105,  67.2868,  60.3424,  65.3073,  62.0670,  65.9174,  64.5233,  65.0444,  65.1320,  66.2933,  65.0816,  67.5530,  64.2685,  65.5300,  64.0269,  63.9178,  65.8021],
 [ 62.9778,  59.7635,  62.6862,  64.1645,  64.9703,  63.6078,  66.6944,  63.0054,  63.0303,  64.5915,  63.0695,  63.8709,  67.9418,  63.3922,  63.1987,  63.3625,  68.9333,  61.5046,  66.3849,  61.9191,  63.3292,  63.9095,  66.1864,  66.1532,  65.5497,  66.9975,  67.6478,  61.3306,  67.6273,  65.6540,  63.0670,  67.1863],
 [ 62.2859,  61.1542,  62.8697,  64.6841,  64.0672,  62.3371,  64.8193,  64.4621,  64.0616,  63.1747,  64.8511,  63.2371,  61.1970,  61.4365,  67.2776,  65.8685,  68.1134,  62.1543,  65.4699,  59.2892,  62.5065,  64.1666,  65.5463,  66.3648,  62.7436,  65.7233,  68.2523,  61.4130,  64.7696,  66.1137,  66.4708,  66.1647],
 [ 63.6239,  60.0290,  63.7426,  65.0119,  61.0437,  58.9698,  65.5068,  61.2654,  60.8563,  63.7291,  65.2598,  61.4961,  63.0519,  59.6885,  62.4714,  62.7848,  65.9285,  62.3748,  63.6596,  60.0096,  61.0335,  61.0444,  62.7343,  63.1406,  64.1460,  62.6034,  66.0045,  62.8505,  62.4926,  63.4480,  64.3892,  68.6510],
 [ 64.6204,  57.8233,  62.3805,  65.1486,  64.2581,  60.9860,  65.4801,  62.5194,  65.1634,  66.1663,  64.6837,  62.6777,  63.5603,  62.3750,  64.4759,  62.2509,  68.3498,  62.0669,  63.8301,  60.9742,  62.5574,  65.0427,  66.0127,  65.5054,  64.4412,  64.2838,  66.5824,  59.9360,  64.2116,  62.9918,  63.3813,  64.9241],
 [ 66.2908,  62.2160,  62.3950,  67.2634,  66.7028,  63.2634,  69.5371,  66.7972,  66.2775,  67.6318,  68.0929,  68.7942,  66.8483,  64.7526,  66.4874,  67.6047,  71.4372,  66.9166,  67.8113,  66.2525,  66.2915,  68.0831,  67.3885,  67.6998,  66.8440,  70.7825,  71.0600,  64.6283,  68.2472,  71.0233,  67.6503,  67.3506],
 [ 68.4784,  63.5302,  62.7977,  68.1706,  66.8806,  64.7757,  69.6001,  69.1316,  65.0904,  66.4203,  69.3144,  67.2370,  67.6436,  63.4666,  66.3952,  70.6029,  66.7438,  64.5196,  67.4831,  61.8585,  69.4538,  68.1945,  68.1240,  67.0533,  65.9327,  69.5603,  69.6490,  64.2292,  69.5525,  65.4452,  67.2266,  71.6201],
 [ 65.2719,  63.7640,  63.7941,  67.4125,  63.5176,  61.2637,  67.2689,  63.9035,  62.2692,  62.8069,  64.9072,  63.8047,  64.4657,  61.3348,  64.5094,  62.3122,  68.7572,  61.4123,  65.3755,  61.8198,  65.1296,  66.3967,  65.6021,  63.2843,  63.2141,  67.5584,  67.7219,  63.1774,  64.7349,  63.6859,  63.7673,  64.5239],
 [ 65.9797,  57.5528,  61.8693,  70.0738,  64.0362,  61.3233,  68.5765,  65.2526,  65.8703,  64.7669,  66.2458,  64.6930,  63.3622,  62.2553,  63.6244,  66.0687,  67.0224,  63.2932,  63.1774,  62.5518,  65.0482,  66.5313,  66.1581,  66.9863,  64.7915,  66.6958,  68.5129,  63.2233,  66.6168,  63.0165,  66.2722,  66.2276],
 [ 63.0080,  57.8669,  60.8533,  64.3447,  61.3267,  58.9767,  65.5504,  62.7043,  61.9717,  63.0940,  64.4550,  61.9419,  62.0129,  58.5301,  61.6879,  61.1213,  65.4552,  61.3507,  64.0201,  61.4164,  62.7235,  64.2868,  62.9604,  62.1484,  62.2294,  64.0984,  67.2335,  62.3472,  60.3520,  62.4056,  61.8686,  64.8195],
 [ 64.7453,  60.4937,  60.6387,  65.9010,  65.3005,  64.0635,  66.9477,  62.5772,  65.3967,  65.1437,  66.4988,  64.6594,  62.8471,  64.1188,  62.7670,  65.7169,  70.8631,  65.1025,  66.7476,  64.5846,  64.6065,  66.5313,  65.5397,  65.4647,  66.8255,  67.1531,  66.9452,  60.9572,  64.8104,  65.0696,  63.1322,  69.0952],
 [ 62.0871,  59.7248,  60.1601,  63.9089,  63.1389,  61.5358,  62.8584,  62.5894,  63.8218,  62.6892,  60.8255,  63.7194,  60.2901,  61.5890,  63.7579,  64.6269,  66.5071,  61.2193,  62.8930,  60.6814,  61.7789,  63.5002,  62.0635,  63.0163,  62.7589,  64.6110,  66.2855,  61.5336,  64.8269,  61.0763,  62.2828,  66.4233],
 [ 63.5526,  59.4362,  56.8767,  62.2932,  60.6708,  57.3219,  63.2339,  59.7068,  60.6976,  62.2922,  60.7339,  60.9722,  60.1972,  60.9882,  62.5312,  61.2320,  66.5898,  56.7596,  61.7683,  58.8308,  59.7314,  61.1589,  62.3225,  63.7031,  61.5521,  62.3995,  64.9301,  59.1823,  64.9122,  62.2527,  60.8494,  65.7454],
 [ 57.4746,  54.0668,  55.3676,  58.9280,  57.6767,  56.0229,  60.5051,  55.6636,  57.7126,  57.3643,  57.4967,  55.7552,  58.6899,  55.7122,  59.3645,  55.4042,  61.0471,  55.9989,  56.5049,  55.9875,  55.9958,  58.6275,  56.2446,  58.4520,  55.9972,  58.8584,  60.3014,  53.0067,  56.6005,  57.9883,  58.1847,  60.1397]]

=========================================
Warmup iters : 20
Benchmark iters : 200
Average kernel time: 6.153 us
=========================================

Problem size: M=64 N=32 K=256
Total FLOPs per launch: 1048576
Throughput: 170.41 GFLOP/s
