Max error: 0.000046
 
 ================= C_actual ============ 
[[ 67.8174,  67.7362,  70.6377,  75.6500,  71.8538,  66.7532,  72.0379,  67.6136],
 [ 66.9418,  66.0372,  67.5262,  72.4398,  72.7169,  67.2605,  69.6134,  66.7600],
 [ 58.8968,  62.9605,  66.8613,  67.6373,  66.7572,  63.3739,  63.4053,  63.2174],
 [ 62.7040,  63.0156,  65.2227,  68.1795,  69.2739,  63.7193,  67.1718,  66.4658],
 [ 62.1715,  63.1608,  66.3083,  69.9893,  68.5783,  64.6547,  68.3049,  69.2465],
 [ 61.3401,  62.4354,  62.3178,  65.3407,  63.6248,  61.1790,  61.3679,  60.7165],
 [ 61.0315,  61.0411,  64.9453,  68.7641,  65.5125,  64.7564,  68.3164,  62.3996],
 [ 63.3657,  62.8097,  64.2030,  66.0006,  70.0916,  61.5457,  64.6469,  62.6948],
 [ 60.7124,  60.1542,  62.0956,  67.8523,  66.0020,  63.0028,  63.1641,  61.6689],
 [ 60.9432,  58.1541,  62.2647,  66.8036,  67.2493,  62.9371,  65.1046,  63.0920],
 [ 65.3781,  66.1035,  69.4397,  71.6104,  68.2074,  69.5127,  70.7695,  68.3092],
 [ 58.6933,  58.5620,  62.8862,  65.9106,  64.3443,  58.7923,  63.0215,  59.1339],
 [ 59.0701,  61.8213,  61.2360,  64.5427,  64.5506,  59.8640,  64.1016,  62.0264],
 [ 63.8184,  61.8686,  65.6329,  69.4024,  67.9040,  63.0993,  67.7233,  64.7891],
 [ 57.1160,  59.6323,  60.2569,  66.8952,  64.3503,  61.0239,  61.3194,  60.8249],
 [ 64.1929,  63.4619,  65.0924,  68.2103,  69.0305,  65.0528,  66.5770,  64.9362]]

 ================ C_computed ============= 
[[ 67.8173,  67.7361,  70.6376,  75.6500,  71.8537,  66.7532,  72.0379,  67.6135],
 [ 66.9417,  66.0372,  67.5261,  72.4398,  72.7169,  67.2605,  69.6133,  66.7600],
 [ 58.8968,  62.9605,  66.8613,  67.6373,  66.7572,  63.3738,  63.4053,  63.2174],
 [ 62.7040,  63.0156,  65.2226,  68.1795,  69.2739,  63.7192,  67.1718,  66.4658],
 [ 62.1715,  63.1608,  66.3083,  69.9893,  68.5783,  64.6547,  68.3049,  69.2465],
 [ 61.3401,  62.4354,  62.3177,  65.3407,  63.6248,  61.1790,  61.3679,  60.7165],
 [ 61.0315,  61.0411,  64.9453,  68.7641,  65.5125,  64.7564,  68.3164,  62.3996],
 [ 63.3657,  62.8097,  64.2030,  66.0005,  70.0916,  61.5457,  64.6469,  62.6947],
 [ 60.7124,  60.1542,  62.0956,  67.8523,  66.0019,  63.0027,  63.1641,  61.6689],
 [ 60.9432,  58.1540,  62.2647,  66.8036,  67.2493,  62.9371,  65.1046,  63.0919],
 [ 65.3781,  66.1034,  69.4397,  71.6104,  68.2074,  69.5127,  70.7694,  68.3092],
 [ 58.6933,  58.5620,  62.8862,  65.9106,  64.3443,  58.7923,  63.0215,  59.1339],
 [ 59.0700,  61.8213,  61.2360,  64.5427,  64.5506,  59.8639,  64.1015,  62.0264],
 [ 63.8183,  61.8685,  65.6328,  69.4024,  67.9039,  63.0993,  67.7232,  64.7891],
 [ 57.1160,  59.6322,  60.2569,  66.8952,  64.3502,  61.0239,  61.3194,  60.8249],
 [ 64.1929,  63.4619,  65.0924,  68.2102,  69.0304,  65.0527,  66.5770,  64.9361]]
