lane  0 | A: [0.0100 0.0200 | 0.0300 0.0400 | 0.0500 0.0601 | 0.0698 0.0000] B: [0.1099 0.1201 | 0.1299 0.1396] C: [  4.5347  11.0972   3.7910   9.3317]
lane  1 | A: [0.2598 0.2695 | 0.2793 0.2891 | 0.3008 0.3105 | 0.3203 0.0801] B: [0.3594 0.3691 | 0.3809 0.3906] C: [ 17.6583  24.2203  14.8710  20.4113]
lane  2 | A: [0.5117 0.5195 | 0.5312 0.5391 | 0.5508 0.5586 | 0.5703 0.1602] B: [0.6094 0.6211 | 0.6289 0.6406] C: [ 30.7792  37.3412  25.9694  31.5097]
lane  3 | A: [0.7617 0.7695 | 0.7812 0.7891 | 0.8008 0.8086 | 0.8203 0.2402] B: [0.8594 0.8711 | 0.8789 0.8906] C: [ 43.9033  50.4653  37.0500  42.5902]
lane  4 | A: [1.0078 1.0234 | 1.0312 1.0391 | 1.0469 1.0625 | 1.0703 0.3203] B: [1.1094 1.1172 | 1.1328 1.1406] C: [ 12.5346  35.0979  10.3884  29.2108]
lane  5 | A: [1.2578 1.2734 | 1.2812 1.2891 | 1.2969 1.3125 | 1.3203 0.4004] B: [1.3594 1.3672 | 1.3828 1.3906] C: [ 57.6597  80.2222  48.0321  66.8544]
lane  6 | A: [1.5078 1.5234 | 1.5312 1.5391 | 1.5469 1.5625 | 1.5703 0.4805] B: [1.6094 1.6172 | 1.6328 1.6406] C: [102.7812 125.3438  85.7371 104.5593]
lane  7 | A: [1.7578 1.7734 | 1.7812 1.7891 | 1.7969 1.8125 | 1.8203 0.5586] B: [1.8594 1.8672 | 1.8828 1.8906] C: [147.9062 170.4688 123.3816 142.2039]
lane  8 | A: [2.0156 2.0156 | 2.0312 2.0469 | 2.0469 2.0625 | 2.0625 0.6406] B: [2.1094 2.1250 | 2.1250 2.1406] C: [ 20.5337  59.0977  16.9856  49.0870]
lane  9 | A: [2.2656 2.2656 | 2.2812 2.2969 | 2.2969 2.3125 | 2.3125 0.7188] B: [2.3594 2.3750 | 2.3750 2.3906] C: [ 97.6592 136.2217  81.1881 113.2897]
lane 10 | A: [2.5156 2.5156 | 2.5312 2.5469 | 2.5469 2.5625 | 2.5625 0.8008] B: [2.6094 2.6250 | 2.6250 2.6406] C: [174.7812 213.3438 145.4941 177.5957]
lane 11 | A: [2.7656 2.7656 | 2.7812 2.7969 | 2.7969 2.8125 | 2.8125 0.8789] B: [2.8594 2.8750 | 2.8750 2.8906] C: [251.9062 290.4688 209.6973 241.7988]
lane 12 | A: [3.0156 3.0156 | 3.0312 3.0469 | 3.0469 3.0625 | 3.0625 0.9609] B: [3.1094 3.1250 | 3.1250 3.1406] C: [ 28.5332  83.0977  23.5849  68.9674]
lane 13 | A: [3.2656 3.2656 | 3.2812 3.2969 | 3.2969 3.3125 | 3.3125 1.0391] B: [3.3594 3.3750 | 3.3750 3.3906] C: [137.6592 192.2217 114.3497 159.7325]
lane 14 | A: [3.5156 3.5156 | 3.5312 3.5469 | 3.5469 3.5625 | 3.5625 1.1172] B: [3.6094 3.6250 | 3.6250 3.6406] C: [246.7812 301.3438 205.2607 250.6436]
lane 15 | A: [3.7656 3.7656 | 3.7812 3.7969 | 3.7969 3.8125 | 3.8125 1.2031] B: [3.8594 3.8750 | 3.8750 3.8906] C: [355.9062 410.4688 296.0264 341.4092]
lane 16 | A: [4.0000 4.0312 | 4.0312 4.0312 | 4.0625 4.0625 | 4.0625 1.2812] B: [4.1250 4.1250 | 4.1250 4.1250] C: [ 36.5650 107.1924  30.1523  88.7535]
lane 17 | A: [4.2500 4.2812 | 4.2812 4.2812 | 4.3125 4.3125 | 4.3125 1.3594] B: [4.3750 4.3750 | 4.3750 4.3750] C: [177.8164 248.4414 147.3541 205.9557]
lane 18 | A: [4.5000 4.5312 | 4.5312 4.5312 | 4.5625 4.5625 | 4.5625 1.4375] B: [4.6250 4.6250 | 4.6250 4.6250] C: [319.0625 389.6875 264.7451 323.3467]
lane 19 | A: [4.7500 4.7812 | 4.7812 4.7812 | 4.8125 4.8125 | 4.8125 1.5234] B: [4.8750 4.8750 | 4.8750 4.8750] C: [460.3125 530.9375 381.9482 440.5498]
lane 20 | A: [5.0000 5.0312 | 5.0312 5.0312 | 5.0625 5.0625 | 5.0625 1.6016] B: [5.1250 5.1250 | 5.1250 5.1250] C: [ 44.5645 131.1924  36.7506 108.6329]
lane 21 | A: [5.2500 5.2812 | 5.2812 5.2812 | 5.3125 5.3125 | 5.3125 1.6797] B: [5.3750 5.3750 | 5.3750 5.3750] C: [217.8164 304.4414 180.5148 252.3976]
lane 22 | A: [5.5000 5.5312 | 5.5312 5.5312 | 5.5625 5.5625 | 5.5625 1.7578] B: [5.6250 5.6250 | 5.6250 5.6250] C: [391.0625 477.6875 324.5107 396.3936]
lane 23 | A: [5.7500 5.7812 | 5.7812 5.7812 | 5.8125 5.8125 | 5.8125 1.8438] B: [5.8750 5.8750 | 5.8750 5.8750] C: [564.3125 650.9375 468.2764 540.1592]
lane 24 | A: [6.0000 6.0312 | 6.0312 6.0312 | 6.0625 6.0625 | 6.0625 1.9219] B: [6.1250 6.1250 | 6.1250 6.1250] C: [ 52.5640 155.1924  43.3420 128.4976]
lane 25 | A: [6.2500 6.2812 | 6.2812 6.2812 | 6.3125 6.3125 | 6.3125 2.0000] B: [6.3750 6.3750 | 6.3750 6.3750] C: [257.8164 360.4414 213.6528 298.8091]
lane 26 | A: [6.5000 6.5312 | 6.5312 6.5312 | 6.5625 6.5625 | 6.5625 2.0781] B: [6.6250 6.6250 | 6.6250 6.6250] C: [463.0625 565.6875 384.2383 469.3945]
lane 27 | A: [6.7500 6.7812 | 6.7812 6.7812 | 6.8125 6.8125 | 6.8125 2.1562] B: [6.8750 6.8750 | 6.8750 6.8750] C: [668.3125 770.9375 554.5508 639.7070]
lane 28 | A: [7.0000 7.0312 | 7.0312 7.0312 | 7.0625 7.0625 | 7.0625 2.2344] B: [7.1250 7.1250 | 7.1250 7.1250] C: [ 60.5635 179.1924  49.9481 148.3848]
lane 29 | A: [7.2500 7.2812 | 7.2812 7.2812 | 7.3125 7.3125 | 7.3125 2.3125] B: [7.3750 7.3750 | 7.3750 7.3750] C: [297.8164 416.4414 246.8213 345.2588]
lane 30 | A: [7.5000 7.5312 | 7.5312 7.5312 | 7.5625 7.5625 | 7.5625 2.4062] B: [7.6250 7.6250 | 7.6250 7.6250] C: [535.0625 653.6875 444.0117 542.4492]
lane 31 | A: [7.7500 7.7812 | 7.7812 7.7812 | 7.8125 7.8125 | 7.8125 2.4844] B: [7.8750 7.8750 | 7.8750 7.8750] C: [772.3125 890.9375 640.8867 739.3242]
